1024
15568
0
62
115
173
201
254
292
329
356
403
434
478
504
539
566
593
608
661
699
737
758
800
825
855
878
912
942
971
984
1011
1036
1055
1067
1119
1157
1188
1210
1252
1284
1313
1332
1362
1386
1413
1428
1450
1465
1482
1499
1528
1559
1591
1612
1636
1654
1667
1682
1715
1729
1742
1755
1772
1786
1800
1813
1867
1906
1937
1962
1993
2024
2050
2068
2107
2138
2163
2180
2207
2220
2242
2252
2284
2311
2331
2345
2372
2391
2405
2420
2450
2476
2493
2510
2532
2542
2556
2563
2598
2634
2663
2683
2716
2731
2743
2762
2787
2803
2821
2831
2849
2865
2874
2890
2912
2928
2953
2967
2986
3002
3021
3031
3051
3064
3077
3088
3103
3111
3124
3132
3184
3217
3252
3279
3314
3346
3370
3386
3429
3457
3486
3504
3526
3540
3559
3576
3608
3629
3657
3678
3700
3718
3742
3757
3783
3799
3817
3830
3848
3865
3877
3891
3922
3945
3975
3993
4019
4027
4041
4055
4084
4104
4120
4134
4148
4162
4177
4192
4215
4238
4258
4271
4290
4301
4309
4319
4335
4347
4358
4369
4385
4395
4404
4412
4448
4476
4507
4522
4544
4563
4577
4593
4622
4642
4672
4691
4713
4727
4737
4740
4764
4781
4800
4812
4826
4844
4857
4867
4886
4900
4910
4917
4931
4938
4947
4953
4979
4999
5011
5022
5037
5050
5065
5073
5096
5105
5126
5131
5145
5153
5160
5166
5184
5195
5211
5228
5237
5248
5256
5261
5271
5280
5287
5289
5294
5304
5311
5316
5357
5391
5427
5453
5491
5521
5545
5563
5596
5622
5652
5667
5701
5716
5731
5747
5786
5810
5837
5856
5880
5893
5903
5913
5941
5963
5982
5993
6007
6020
6033
6044
6085
6117
6140
6161
6181
6201
6214
6231
6259
6278
6300
6313
6333
6345
6361
6369
6392
6408
6427
6441
6463
6473
6484
6496
6516
6525
6538
6547
6558
6570
6578
6585
6622
6645
6677
6701
6722
6740
6757
6763
6785
6808
6830
6845
6859
6872
6891
6898
6927
6947
6961
6973
6993
7006
7017
7029
7053
7069
7082
7096
7110
7117
7128
7135
7155
7181
7203
7210
7231
7247
7260
7267
7281
7292
7306
7318
7339
7348
7359
7367
7388
7404
7411
7420
7430
7441
7449
7454
7468
7477
7486
7493
7501
7506
7516
7519
7544
7580
7599
7619
7650
7671
7687
7709
7733
7748
7765
7777
7790
7798
7810
7822
7849
7862
7882
7893
7917
7930
7943
7956
7972
7988
8008
8019
8042
8053
8062
8069
8096
8120
8145
8162
8182
8188
8199
8211
8226
8239
8255
8265
8271
8279
8287
8293
8304
8323
8341
8350
8360
8365
8375
8380
8391
8400
8410
8414
8424
8428
8441
8447
8483
8503
8524
8539
8560
8582
8601
8612
8637
8659
8668
8676
8689
8698
8706
8715
8737
8751
8760
8772
8783
8797
8808
8820
8836
8843
8860
8864
8878
8883
8894
8898
8914
8927
8938
8947
8960
8966
8976
8978
8993
9003
9010
9017
9021
9029
9035
9037
9053
9060
9067
9078
9087
9092
9095
9099
9107
9115
9120
9125
9131
9132
9135
9137
9177
9210
9247
9268
9301
9327
9351
9370
9407
9425
9451
9474
9494
9513
9531
9548
9584
9601
9634
9652
9671
9691
9709
9723
9744
9766
9782
9791
9805
9812
9824
9833
9863
9889
9910
9926
9962
9986
9999
10010
10034
10052
10078
10092
10116
10126
10143
10150
10177
10195
10214
10229
10244
10255
10266
10273
10294
10304
10320
10333
10346
10355
10359
10361
10405
10431
10458
10470
10489
10509
10534
10545
10573
10594
10613
10637
10653
10668
10686
10700
10724
10749
10773
10784
10800
10817
10830
10837
10857
10870
10888
10896
10910
10919
10925
10935
10961
10975
10985
10999
11013
11031
11044
11052
11068
11084
11095
11101
11116
11129
11137
11145
11164
11175
11191
11200
11216
11228
11234
11245
11259
11264
11274
11281
11293
11300
11307
11314
11356
11384
11402
11425
11455
11469
11487
11500
11525
11549
11572
11590
11604
11613
11620
11626
11650
11665
11681
11695
11709
11721
11732
11738
11766
11783
11792
11800
11813
11816
11827
11833
11856
11877
11895
11904
11929
11939
11947
11952
11975
11984
11993
12002
12016
12021
12032
12039
12062
12079
12094
12099
12109
12118
12131
12139
12153
12168
12184
12187
12197
12201
12207
12210
12239
12258
12274
12283
12303
12308
12320
12329
12348
12362
12383
12390
12404
12414
12418
12420
12438
12455
12467
12476
12483
12492
12497
12509
12524
12530
12544
12548
12558
12566
12572
12579
12597
12606
12620
12628
12640
12648
12658
12668
12679
12695
12707
12709
12715
12722
12728
12732
12747
12754
12759
12767
12774
12781
12788
12791
12800
12805
12809
12812
12818
12821
12825
12832
12868
12893
12921
12938
12968
12985
13001
13010
13040
13063
13076
13085
13103
13118
13136
13150
13178
13198
13218
13233
13252
13264
13275
13281
13299
13311
13322
13332
13346
13356
13367
13372
13401
13429
13450
13458
13487
13496
13507
13520
13534
13543
13561
13570
13582
13593
13603
13609
13631
13647
13663
13668
13680
13693
13697
13705
13719
13730
13744
13753
13756
13764
13767
13768
13799
13818
13835
13849
13875
13886
13903
13916
13936
13947
13952
13962
13978
13985
13992
14002
14028
14037
14047
14052
14065
14075
14082
14089
14101
14115
14121
14125
14132
14142
14152
14157
14175
14190
14200
14213
14223
14237
14246
14252
14268
14278
14290
14297
14310
14320
14328
14334
14344
14352
14362
14368
14374
14379
14386
14388
14398
14406
14409
14416
14423
14427
14435
14439
14472
14490
14513
14526
14544
14555
14567
14577
14591
14605
14622
14638
14653
14658
14668
14674
14688
14704
14714
14725
14740
14749
14757
14766
14777
14782
14795
14803
14810
14818
14827
14831
14853
14865
14882
14890
14908
14916
14931
14938
14949
14961
14971
14981
14994
14998
15002
15005
15021
15034
15043
15048
15063
15071
15077
15081
15090
15096
15102
15106
15109
15115
15122
15124
15145
15163
15179
15183
15193
15203
15216
15224
15235
15246
15259
15269
15278
15283
15286
15289
15299
15306
15318
15326
15334
15344
15352
15359
15373
15380
15388
15393
15398
15400
15404
15406
15420
15424
15435
15440
15448
15456
15460
15466
15480
15482
15488
15493
15497
15502
15504
15506
15512
15519
15524
15527
15533
15539
15541
15542
15546
15547
15551
15554
15561
15563
15566
1
2
3
4
5
8
10
12
16
18
20
22
24
32
36
64
65
68
71
72
78
97
128
129
130
131
132
134
140
144
145
147
160
256
258
260
272
274
280
288
289
290
292
338
384
385
392
448
512
513
514
515
516
517
545
548
576
592
593
656
768
897
0
3
4
6
7
8
9
13
17
20
21
23
25
33
37
43
45
49
64
65
67
73
81
83
96
111
129
130
131
132
133
139
144
145
149
160
211
257
259
261
263
285
289
321
325
347
389
417
512
513
553
577
705
0
3
4
6
10
14
18
22
24
26
30
32
34
35
36
50
64
66
68
74
79
98
99
103
114
128
130
134
136
138
143
146
256
258
259
262
263
272
274
290
298
300
323
330
332
514
515
530
531
544
547
562
578
590
659
771
810
898
0
1
2
5
10
11
14
16
19
33
35
39
65
67
71
131
260
298
328
363
514
515
521
523
551
577
643
770
0
1
2
5
6
8
12
13
16
20
28
29
32
33
36
38
44
46
48
64
66
68
80
84
128
132
134
144
164
165
188
256
260
320
324
370
384
388
403
454
512
514
516
527
531
549
556
558
649
772
801
852
932
0
3
4
7
11
12
13
16
17
20
21
23
29
36
37
39
49
53
64
65
69
100
132
140
141
142
197
257
269
327
357
364
453
517
587
589
641
800
1
2
4
7
10
18
20
22
23
34
38
42
71
78
134
139
156
198
214
257
262
294
308
309
422
514
518
519
526
532
578
582
640
643
646
694
772
1
5
6
14
22
23
35
50
67
103
135
167
198
263
278
279
291
356
389
514
518
519
523
551
582
661
807
0
1
4
9
10
12
14
16
24
25
26
32
40
48
72
73
104
128
136
152
172
200
257
264
266
284
286
312
320
409
422
433
440
480
512
520
530
552
576
584
586
602
616
656
776
840
929
1
8
10
12
25
33
41
64
73
76
105
129
137
200
257
265
267
281
360
427
513
520
521
523
571
641
649
773
801
829
904
0
2
3
6
8
9
11
15
16
24
26
30
31
34
42
64
66
74
76
98
138
174
202
256
257
263
264
268
288
290
330
365
474
514
520
522
523
528
568
640
714
776
907
970
3
5
10
15
25
42
43
73
74
77
111
131
138
170
202
265
266
331
362
399
423
517
589
649
771
795
0
4
5
8
9
13
14
24
28
32
44
64
65
70
72
76
78
92
100
133
140
156
260
284
288
300
301
360
430
519
520
524
532
908
966
1
4
5
12
15
29
45
46
133
141
175
256
260
261
265
285
517
520
521
524
525
568
588
773
780
781
972
2
3
7
8
12
15
22
28
38
58
76
94
132
139
142
143
174
194
270
390
398
522
524
526
646
662
774
10
11
13
14
23
41
45
59
61
79
138
175
271
517
809
0
3
4
5
8
10
17
20
21
22
24
25
26
42
48
51
56
81
84
112
128
144
145
146
148
150
154
257
272
280
281
304
309
344
368
387
434
512
520
522
524
528
560
568
594
604
640
660
673
674
769
852
881
1
5
16
19
20
21
33
35
48
49
53
64
73
80
81
85
144
145
146
153
177
181
220
224
272
273
277
281
285
289
337
400
528
529
537
563
737
913
0
2
6
19
20
24
26
37
40
50
51
58
62
81
82
87
99
128
144
146
210
256
272
274
275
337
338
402
406
528
530
560
563
576
578
646
658
912
3
17
18
24
27
49
82
85
87
89
114
151
275
282
339
401
531
535
593
595
898
0
1
4
5
6
16
17
18
21
22
26
28
29
48
54
84
112
134
144
180
276
280
281
308
324
390
404
406
412
518
532
534
540
564
592
596
597
636
660
724
797
848
1
5
16
17
20
23
24
49
52
53
71
85
149
164
173
212
277
285
312
519
528
537
565
581
597
0
2
6
7
14
16
20
23
38
48
52
54
70
84
86
130
150
158
262
274
310
350
374
518
526
534
788
790
802
834
1
5
6
7
15
21
22
29
37
53
82
87
150
156
231
275
279
287
391
407
531
534
535
0
2
8
10
12
16
18
19
21
25
26
28
31
48
56
57
58
63
144
156
280
281
282
285
312
350
376
408
528
536
542
584
600
602
1
8
9
11
16
24
26
27
29
35
49
53
57
81
93
137
217
249
280
281
300
344
512
536
538
569
601
665
810
921
2
8
10
16
18
20
24
25
27
30
40
52
91
114
152
154
258
274
282
350
394
530
538
603
659
787
914
920
922
19
25
26
73
86
90
91
123
145
153
187
266
282
4
12
14
20
24
29
50
56
60
68
85
92
140
158
170
216
268
286
405
412
436
532
540
556
568
592
688
4
5
13
20
23
25
28
31
45
60
61
77
95
124
153
157
269
523
525
537
559
813
857
861
909
2
10
26
31
54
62
78
89
94
156
158
266
268
279
286
534
541
542
670
10
24
29
30
44
89
158
174
278
287
533
727
0
2
4
8
12
33
34
36
40
41
48
49
52
56
57
64
72
96
100
104
105
116
128
129
130
160
161
162
164
165
168
176
224
236
264
272
276
288
291
292
296
322
385
516
544
546
548
550
608
752
808
816
1
3
4
9
17
32
35
36
37
40
41
47
48
49
51
53
83
97
113
129
133
162
169
273
289
293
425
513
515
521
544
545
549
555
673
801
865
929
2
6
10
32
35
38
40
50
51
54
82
98
102
103
114
150
194
274
288
289
298
305
306
386
512
514
550
552
563
674
810
2
3
7
17
25
33
34
38
51
98
106
107
163
179
289
290
291
296
353
454
546
563
0
2
4
5
32
33
37
38
44
46
52
68
71
76
96
100
101
104
108
118
143
160
164
260
276
292
293
294
308
356
364
516
548
552
612
614
774
798
802
804
870
932
1
5
18
23
33
36
45
53
61
100
101
111
117
118
129
161
172
229
261
263
308
357
515
517
524
545
549
551
593
597
685
804
4
6
14
22
34
35
36
43
47
50
55
98
108
118
150
174
180
294
295
317
494
517
554
564
582
628
684
822
932
3
5
54
63
97
101
103
107
143
167
229
295
419
549
551
562
686
801
839
8
18
26
32
33
34
41
44
56
57
104
106
110
116
168
169
170
232
266
296
297
312
425
552
555
556
568
648
812
938
9
15
32
33
40
43
44
45
47
49
106
161
169
254
265
268
302
329
361
521
544
552
553
805
6
10
11
16
46
56
58
62
74
75
138
154
160
168
258
266
290
298
299
322
328
546
554
569
618
680
826
1
11
38
41
51
75
99
107
111
128
162
259
354
523
619
4
12
31
36
40
41
45
47
72
100
107
109
124
168
268
316
349
364
520
526
548
556
1
13
15
29
37
41
44
63
89
101
168
173
549
553
557
4
13
36
42
47
49
60
62
64
111
172
296
310
331
590
622
878
33
38
41
44
46
54
63
99
127
135
143
171
264
296
527
565
575
4
8
16
17
20
22
24
32
33
49
52
56
80
112
144
146
164
168
180
234
288
304
308
312
548
556
560
561
816
1
5
17
19
21
25
32
33
41
46
48
51
53
61
112
113
117
137
145
149
161
177
201
305
358
545
560
625
697
946
949
2
7
18
28
34
38
52
58
59
62
82
98
114
162
163
178
184
246
306
368
434
560
562
571
572
582
624
663
690
803
818
1002
16
18
33
34
35
43
49
59
115
146
161
171
305
310
419
467
543
579
690
807
881
21
22
26
32
36
48
50
54
60
100
114
116
148
180
262
280
314
352
444
528
548
572
668
758
5
17
21
23
25
33
37
49
57
117
119
228
244
276
308
356
572
634
20
22
30
34
39
47
52
55
58
300
380
582
694
38
54
63
86
117
127
145
183
189
230
268
337
630
821
883
16
24
28
32
40
42
48
57
62
84
88
108
120
160
162
178
186
216
248
280
369
392
554
560
562
568
572
632
667
680
696
890
938
24
25
32
40
53
56
61
112
185
232
241
313
425
561
14
18
24
42
50
54
154
178
314
510
530
546
698
15
50
51
63
154
187
303
314
315
539
571
601
951
28
29
46
52
72
76
85
108
124
126
158
177
188
190
316
564
574
15
29
37
49
57
124
156
157
187
189
301
309
573
829
18
30
42
46
50
56
63
118
126
311
342
566
568
570
24
39
45
47
55
59
62
72
142
286
315
319
629
0
1
2
4
5
9
10
12
17
32
46
65
68
69
70
72
73
80
84
96
100
104
128
132
144
192
193
194
201
263
320
321
322
323
328
344
352
448
454
517
520
576
577
584
585
592
593
640
704
707
721
736
777
961
0
1
3
5
12
64
67
69
72
73
75
80
81
84
85
90
97
129
131
193
197
201
224
225
257
272
321
336
345
453
456
467
480
577
578
579
608
769
888
2
4
10
67
70
72
74
82
87
96
98
99
106
150
194
210
259
266
320
322
338
354
450
474
514
526
530
576
603
770
960
1
3
7
65
66
69
71
78
83
94
98
194
195
208
211
266
330
343
355
402
521
594
595
705
891
0
2
4
28
36
64
69
71
75
76
77
84
100
196
197
199
204
230
262
356
364
385
520
578
580
582
598
608
708
836
964
5
64
65
67
68
80
101
109
117
145
165
193
206
229
261
325
341
452
462
516
519
541
548
576
577
583
585
613
684
705
839
12
22
64
66
94
103
130
162
166
196
198
210
214
230
322
324
326
334
486
550
582
590
594
598
608
838
0
3
6
21
36
67
68
130
131
151
159
243
342
362
407
599
855
886
0
8
12
32
44
60
63
64
65
66
73
76
88
89
104
107
200
201
224
232
264
268
328
330
332
345
363
440
488
521
576
582
584
585
620
664
706
716
810
1
8
9
11
17
27
64
65
72
75
79
89
105
123
125
155
185
193
201
204
205
281
329
331
363
369
457
587
597
635
712
2
10
11
42
66
75
89
122
194
200
202
328
329
330
334
346
347
386
514
584
586
587
594
648
650
42
43
65
68
73
74
79
105
107
202
331
347
360
449
587
840
874
9
10
12
14
36
60
68
72
78
84
88
92
100
104
108
120
204
205
268
326
352
460
524
582
620
713
780
11
29
68
78
93
109
139
202
271
333
585
591
677
0
6
12
30
67
76
77
79
134
195
202
204
215
234
343
366
525
526
582
615
714
847
2
15
73
75
78
101
199
207
325
591
4
17
48
64
65
69
82
84
88
98
115
144
145
192
193
208
228
336
337
346
464
469
514
528
579
588
592
593
603
738
752
848
1
16
17
18
25
65
82
85
86
89
112
113
128
142
209
323
337
513
576
587
592
593
625
711
721
777
841
18
19
23
34
50
66
80
81
83
89
114
122
212
275
338
346
368
370
528
594
1
33
67
82
87
91
97
99
115
121
195
339
515
530
4
16
20
22
56
64
65
68
76
80
86
88
92
97
100
116
192
276
284
322
324
336
382
388
452
596
597
17
19
21
28
60
65
81
93
142
149
157
213
273
277
321
351
583
598
636
22
27
55
81
84
92
94
206
213
215
326
341
582
974
18
19
23
66
83
100
111
117
215
407
577
583
595
614
626
56
72
76
80
84
89
104
116
120
122
216
217
222
252
264
334
336
344
348
456
464
592
600
604
605
648
744
843
848
857
19
30
31
45
72
73
74
81
82
88
91
93
120
121
201
209
213
217
249
513
589
600
602
840
857
984
27
65
94
122
126
147
211
222
223
330
346
364
527
590
595
606
840
26
27
83
89
92
104
110
115
125
126
138
330
347
611
634
635
664
12
28
76
84
86
91
94
100
127
144
208
221
284
334
337
340
372
536
540
616
664
688
25
77
85
89
124
218
245
340
601
765
14
30
67
70
86
90
92
119
146
214
283
542
604
671
29
218
343
455
471
538
638
1
32
36
64
66
97
98
99
100
104
112
114
118
192
193
224
226
288
321
328
352
356
363
368
418
481
544
545
546
576
608
629
736
744
874
0
33
39
65
83
84
96
99
100
105
109
112
113
115
133
176
193
194
197
200
203
217
227
288
289
355
361
364
449
489
545
576
593
609
865
884
2
10
34
35
38
50
66
67
80
96
99
100
102
106
115
122
130
194
226
242
302
353
354
362
528
550
578
592
616
2
18
43
47
66
83
96
97
98
103
105
225
235
347
353
371
491
568
608
721
5
12
32
36
37
44
52
64
68
76
84
87
92
96
97
98
101
108
110
116
178
228
229
260
517
544
548
582
608
612
740
800
804
36
37
39
45
69
79
100
109
197
209
229
357
373
509
613
34
98
103
135
138
224
250
326
342
514
518
610
2
7
34
39
70
99
102
115
117
230
325
357
421
451
547
613
619
867
999
8
32
36
40
64
72
76
88
91
96
106
108
119
120
122
160
236
248
360
362
520
568
582
739
888
9
32
73
75
97
99
141
184
196
232
473
549
578
617
632
873
35
40
41
66
98
104
123
134
236
267
289
298
303
362
570
586
634
810
35
39
43
44
72
75
109
113
126
607
36
38
56
60
76
100
104
228
232
236
260
309
588
609
636
708
836
878
44
69
77
97
101
107
111
125
136
317
333
364
367
559
612
621
40
91
100
124
228
292
294
558
622
1
11
37
43
46
87
109
114
238
239
248
301
358
617
621
623
16
20
48
49
57
81
96
97
116
117
120
121
208
224
242
368
476
560
576
608
630
877
33
49
81
97
107
115
117
119
125
177
241
243
373
596
801
826
2
19
26
34
50
52
82
96
111
122
126
202
208
291
342
370
378
562
574
576
594
634
726
755
864
51
80
83
91
97
98
103
113
119
123
255
307
626
889
32
40
52
84
88
100
112
118
120
336
356
369
373
572
604
608
624
644
760
37
49
53
55
69
87
103
112
113
118
124
244
340
613
628
725
36
37
38
62
96
116
117
119
126
242
244
246
254
438
468
534
614
710
886
53
94
104
113
115
118
125
127
615
832
56
76
88
89
104
112
116
121
126
128
224
234
331
344
376
568
632
665
764
891
83
89
112
120
153
225
255
267
285
345
377
379
632
74
82
88
90
98
104
114
123
202
635
636
700
738
27
73
106
115
122
171
255
491
639
760
893
29
44
60
61
93
110
117
232
349
350
354
380
584
620
637
73
91
109
113
119
365
368
629
60
62
90
91
107
114
118
120
214
254
430
478
604
47
55
92
119
213
254
311
494
0
2
4
8
16
18
32
43
64
81
120
129
130
131
133
136
137
138
142
144
146
148
160
162
164
176
181
192
193
198
200
224
257
282
384
385
448
512
515
592
594
640
641
645
648
652
656
664
736
768
896
901
0
1
9
32
33
37
65
128
131
132
133
136
137
144
145
151
161
169
177
181
192
193
225
299
385
389
483
513
649
656
671
773
913
0
1
2
22
32
70
71
98
128
132
134
137
138
146
155
162
163
194
202
210
226
384
386
426
430
434
454
641
642
650
656
658
662
694
706
0
1
3
11
65
71
128
129
147
161
163
166
167
194
195
203
227
259
266
295
387
401
451
499
515
651
903
0
1
4
5
14
64
129
130
133
134
135
148
164
166
174
180
192
197
212
224
252
384
388
390
400
406
437
448
516
562
644
708
740
896
962
1
12
13
33
97
128
129
132
141
149
150
156
157
199
201
213
214
257
389
401
405
420
453
459
518
613
644
645
647
653
676
677
0
2
4
6
20
78
106
130
132
135
150
162
174
183
199
208
262
390
439
580
598
646
660
727
7
47
102
132
134
159
167
207
391
413
415
455
643
723
743
897
2
8
109
128
129
137
140
142
143
168
169
192
200
204
230
237
256
261
264
266
268
281
324
328
384
385
392
394
396
398
402
410
424
457
490
523
640
648
664
729
745
896
984
9
25
49
128
129
130
136
141
155
157
169
173
201
209
233
241
392
393
441
481
537
642
649
664
717
769
897
905
2
10
11
15
42
91
102
128
130
140
143
154
162
170
172
178
186
200
202
386
410
450
642
670
714
730
738
907
954
1
6
14
77
155
160
162
171
187
203
213
271
395
469
513
649
651
714
0
5
12
28
136
138
141
143
164
201
204
216
232
234
268
273
392
398
413
453
460
652
5
13
105
133
137
140
169
180
193
200
205
409
669
937
5
14
63
81
85
128
136
143
148
158
170
174
196
202
222
391
398
484
906
2
14
36
39
47
136
138
140
142
159
173
175
461
493
578
646
671
0
1
4
16
17
18
20
24
48
64
80
92
128
129
146
148
152
160
176
184
188
196
208
216
273
404
416
656
657
668
688
720
0
1
16
17
27
49
55
69
80
129
155
161
177
209
211
217
313
397
663
673
900
2
16
17
18
48
51
94
128
130
144
147
156
176
178
186
194
210
214
218
400
402
410
528
530
562
640
706
720
0
90
131
146
149
150
155
163
179
187
213
242
258
387
391
410
411
482
537
561
723
16
52
128
132
142
144
149
152
156
176
180
204
213
215
228
276
285
404
412
413
656
782
1
21
49
85
133
147
148
151
181
188
195
196
213
277
389
401
433
645
16
22
23
34
38
66
133
134
147
151
178
182
210
212
412
514
530
534
658
662
694
708
786
852
19
71
129
149
150
155
157
214
215
219
279
447
543
663
722
8
26
144
148
153
154
156
184
186
200
216
218
220
248
396
408
440
520
521
528
537
568
696
728
761
924
17
27
29
121
152
155
157
171
185
209
273
328
408
536
657
925
16
26
42
58
59
138
152
159
190
194
218
287
395
440
443
666
696
735
73
130
137
139
145
147
151
153
187
409
539
655
667
6
12
23
24
30
61
133
146
148
152
176
188
217
220
276
412
666
697
29
61
85
133
137
151
153
185
217
223
412
605
665
667
728
735
949
22
28
30
31
60
142
159
180
191
202
216
670
71
135
143
154
158
179
223
253
403
407
461
647
687
735
0
1
32
36
42
56
104
128
139
144
161
162
168
170
176
178
225
384
416
418
433
434
480
640
672
676
680
688
704
737
948
32
37
41
49
51
129
131
145
160
169
179
253
257
305
331
417
423
545
657
673
674
680
801
32
33
43
50
56
70
128
130
134
138
139
160
163
168
169
171
178
186
189
194
226
290
387
394
488
546
578
698
736
738
35
50
130
131
147
162
164
165
166
179
184
229
245
419
427
435
689
695
4
21
32
36
48
128
132
140
163
166
172
174
176
180
188
192
229
320
388
433
645
673
676
680
684
686
4
32
69
163
224
225
229
677
70
131
132
163
164
167
174
182
416
423
678
691
742
821
7
39
131
135
166
175
229
439
499
547
549
647
687
935
32
40
42
44
45
48
136
160
162
172
175
185
188
230
232
234
288
290
296
392
424
425
432
552
596
643
648
680
937
33
40
41
129
136
137
141
161
162
170
177
233
237
411
425
553
641
664
673
680
11
28
40
138
142
160
169
186
192
232
302
424
426
490
750
1000
47
51
123
139
153
162
227
271
313
418
426
441
505
683
8
37
46
138
164
168
173
182
236
416
428
484
554
686
21
45
137
143
172
175
181
188
221
225
255
429
629
684
10
14
31
38
132
134
142
164
166
230
418
430
555
894
896
13
15
143
167
168
173
187
236
239
419
463
648
654
798
939
32
97
128
144
146
148
156
160
164
177
178
179
208
240
252
432
436
446
496
674
676
697
698
17
49
60
113
129
145
169
176
185
240
243
245
253
434
549
560
563
609
625
673
688
700
801
50
56
58
100
138
146
150
160
162
176
182
190
243
272
434
670
674
686
688
690
35
147
159
161
163
176
183
243
314
387
433
498
563
20
38
48
52
132
141
148
158
164
181
228
242
385
436
446
596
660
688
692
17
128
129
149
173
180
183
373
441
692
695
150
166
172
178
423
644
676
690
55
134
179
181
189
211
227
263
406
693
50
105
144
152
163
185
248
312
410
416
417
427
440
508
536
696
57
73
153
157
168
177
184
232
441
505
681
923
56
138
146
152
162
170
188
191
298
394
674
27
59
61
139
147
155
175
191
442
447
697
4
60
144
149
156
164
168
173
186
220
240
429
692
752
764
943
55
61
162
183
191
250
429
447
585
733
60
154
178
234
414
428
430
570
758
158
186
187
189
220
253
447
899
64
80
84
96
128
129
132
136
164
170
193
194
200
208
210
213
220
224
234
240
320
325
448
449
452
465
466
481
488
600
640
704
706
710
940
960
64
65
69
73
80
96
97
128
129
141
192
194
195
203
209
224
225
320
321
353
385
448
457
585
640
641
643
716
14
34
64
66
67
74
97
98
130
131
146
154
162
192
193
196
200
214
218
274
322
336
354
386
400
450
576
642
706
714
754
67
78
83
131
149
193
199
210
227
243
322
406
450
708
711
68
70
105
142
144
149
194
198
204
205
214
228
348
384
405
448
516
676
704
708
710
726
5
65
68
97
101
132
198
199
212
215
233
389
453
471
477
549
581
741
785
6
7
70
128
196
197
204
226
230
238
326
391
448
582
68
79
133
134
195
197
203
204
207
225
451
551
645
707
710
714
8
9
72
74
97
128
136
138
141
152
192
194
202
204
205
206
208
232
392
451
456
457
493
588
641
704
714
716
737
49
64
65
72
73
89
133
137
140
203
205
227
237
401
450
475
488
507
585
715
10
11
74
75
77
78
114
122
130
138
142
158
200
203
210
218
222
234
236
266
331
456
457
458
522
552
554
678
714
730
97
131
139
193
199
201
202
204
205
216
297
391
393
451
459
491
617
706
979
68
73
76
78
136
140
148
196
198
199
200
203
206
216
220
221
222
232
237
270
341
796
73
76
141
196
200
201
203
221
234
460
463
525
728
969
69
86
200
204
216
267
460
653
716
718
79
135
199
67
80
92
112
114
134
144
176
192
200
209
213
224
240
241
400
448
465
474
640
722
728
752
976
81
89
101
137
145
153
193
208
213
224
343
464
465
657
721
724
728
18
66
70
130
146
150
192
195
202
212
240
242
411
470
474
594
690
722
730
1
67
90
145
183
222
243
289
593
690
706
723
21
82
132
150
197
210
213
388
464
484
593
658
716
720
85
86
89
127
133
139
147
148
149
192
208
209
212
244
245
365
469
861
6
70
94
126
133
146
151
194
196
246
598
724
726
78
86
87
148
151
197
221
341
599
723
28
56
88
140
144
152
158
203
204
206
248
344
392
456
658
664
728
730
969
25
88
89
97
145
156
157
218
219
448
723
968
985
988
93
95
146
152
154
194
202
217
474
730
151
217
323
387
474
499
731
17
152
156
188
191
192
204
250
252
337
412
452
476
700
92
173
204
205
215
250
461
88
90
142
202
204
211
231
318
722
90
157
159
687
724
735
17
32
65
72
96
102
112
120
128
132
165
192
193
208
209
225
226
236
353
449
480
484
608
689
708
976
65
99
121
129
160
165
173
193
199
224
227
233
322
329
365
449
452
457
708
744
96
98
130
162
198
224
231
320
338
354
482
498
97
131
171
183
195
201
225
244
385
482
739
53
80
100
108
110
148
180
196
230
232
236
485
676
704
876
37
39
69
100
101
163
164
165
167
237
261
453
501
55
68
70
103
136
168
174
198
228
231
239
359
364
502
960
23
222
226
230
483
727
759
998
40
57
72
105
108
124
140
168
170
185
200
204
228
234
236
243
424
426
456
488
672
712
1000
137
169
197
225
234
249
305
745
865
48
78
120
140
168
190
192
202
205
232
233
235
360
362
378
426
427
442
553
738
875
99
234
243
359
451
32
104
106
108
172
175
202
224
228
232
239
453
558
748
136
169
201
204
229
239
621
873
111
198
247
254
463
750
998
111
175
230
236
237
749
176
177
188
192
208
210
253
330
352
368
416
464
497
528
560
624
700
752
57
113
137
208
243
249
253
473
480
505
693
98
112
118
147
180
210
246
247
403
410
440
498
562
689
754
946
71
113
177
178
179
195
211
232
235
241
245
251
307
497
629
739
755
53
117
118
213
227
364
511
564
757
93
163
177
213
243
247
358
405
496
613
749
50
118
214
242
374
630
758
1022
238
242
245
375
485
56
104
111
152
184
216
496
504
697
756
25
89
233
241
253
403
483
493
636
102
189
220
221
254
431
1018
243
1016
88
132
176
220
254
159
161
177
191
240
241
249
477
697
717
41
118
126
127
238
250
252
115
121
123
173
284
0
2
4
10
13
18
136
257
258
259
260
262
264
270
274
288
289
292
298
320
326
337
352
384
385
416
452
496
512
513
528
640
689
768
770
784
800
804
834
896
960
1
5
6
8
9
10
16
65
128
133
161
256
258
259
260
261
269
273
274
276
289
305
321
325
389
405
513
641
651
769
785
833
849
859
0
2
26
42
147
256
257
259
264
272
275
276
280
282
290
294
295
298
320
322
326
330
337
338
339
364
386
394
402
442
482
518
770
774
784
786
1
2
43
66
131
256
257
258
263
264
265
273
275
289
291
299
301
311
321
323
385
434
435
450
770
771
0
3
4
12
13
36
100
108
256
257
261
262
264
268
272
276
277
280
290
293
295
296
308
316
324
326
367
388
416
448
514
519
768
772
776
804
812
988
1
13
37
69
136
229
257
260
263
269
271
279
292
293
324
333
357
382
387
388
389
390
417
419
453
515
525
768
836
932
2
6
22
52
68
134
256
260
266
278
286
294
301
326
346
390
406
454
516
615
772
774
780
787
1
2
7
10
37
64
183
259
261
271
273
277
293
320
357
533
770
778
8
10
32
47
72
88
136
256
258
259
260
265
266
273
274
280
281
298
305
321
330
384
385
392
400
408
448
490
770
772
780
842
898
9
11
13
41
259
264
266
271
289
297
299
321
325
329
331
448
513
682
774
777
792
793
801
813
841
911
8
11
27
30
40
42
66
67
131
136
202
262
264
265
268
270
274
281
282
299
323
330
394
409
410
418
602
770
794
859
9
106
121
206
270
282
283
334
394
395
456
782
897
907
919
10
28
30
41
44
55
72
76
136
140
260
266
270
271
280
300
303
332
333
334
348
364
365
388
389
452
456
520
524
770
776
780
804
839
5
29
257
261
271
301
372
461
775
776
781
813
910
933
939
14
204
256
266
267
268
282
302
325
330
413
582
714
820
910
15
77
139
171
261
263
265
268
269
286
335
391
399
484
495
782
0
2
16
17
18
32
65
178
258
260
273
276
278
282
284
288
302
304
305
306
313
336
353
384
385
388
400
402
408
434
516
528
560
668
688
784
848
898
978
17
33
85
140
144
153
257
259
263
264
272
275
281
305
337
339
347
400
533
561
595
785
833
848
0
2
18
22
26
34
194
256
257
264
266
275
278
282
286
289
304
306
307
336
338
404
410
432
435
522
979
18
19
23
82
258
259
273
274
280
281
283
307
337
515
785
787
898
899
922
20
32
36
53
84
148
156
257
258
260
272
279
308
340
356
389
404
469
500
532
786
788
789
908
17
21
85
149
260
263
279
305
309
389
413
471
884
7
31
262
272
274
306
340
350
404
770
7
23
30
151
261
276
277
287
354
535
0
16
20
24
25
52
56
258
260
264
268
275
283
284
286
304
308
341
384
392
409
441
572
778
784
792
848
856
9
16
17
20
24
25
73
136
264
266
273
275
289
296
313
315
321
345
347
529
797
857
19
24
26
27
128
258
266
267
270
272
274
284
298
330
393
410
530
796
920
94
267
275
280
287
312
379
778
795
827
931
8
12
84
92
255
272
280
282
300
318
446
540
782
796
1
13
17
21
24
121
148
340
348
541
891
917
921
8
28
30
63
262
271
274
280
287
314
404
786
791
23
31
154
279
283
286
335
348
366
382
845
0
10
12
32
34
48
96
97
168
256
272
289
290
294
296
307
309
320
325
354
357
364
386
416
417
418
419
420
480
544
545
560
640
648
771
800
801
802
818
864
942
0
1
17
33
34
35
97
106
211
256
257
259
265
274
281
288
290
291
296
297
352
353
361
376
385
417
419
625
769
817
928
931
0
2
10
35
42
162
168
258
260
288
289
291
295
296
298
306
362
370
402
418
450
482
578
7
32
35
114
259
289
290
295
299
307
311
314
359
386
417
418
419
493
635
771
879
0
32
36
110
256
261
293
296
304
308
311
352
358
420
516
768
804
832
852
900
33
36
260
261
263
292
305
309
323
385
389
548
676
781
801
804
805
821
935
996
6
36
38
110
258
262
288
295
316
358
390
416
814
38
39
131
258
260
290
291
294
301
303
341
354
364
391
486
802
821
32
35
40
46
47
168
260
281
288
289
290
292
298
300
304
312
320
360
392
402
424
428
441
792
800
808
930
936
40
203
265
289
298
317
331
333
352
369
377
416
429
552
553
641
810
816
868
2
3
34
42
106
186
256
258
264
282
290
296
297
302
307
315
322
344
392
416
698
776
42
129
259
265
266
291
307
314
353
379
426
779
899
2
12
25
54
268
284
296
302
312
316
352
364
388
621
780
782
800
844
876
972
12
61
111
259
262
269
295
357
429
805
813
943
41
98
170
270
272
298
300
330
366
418
444
751
812
813
886
933
59
106
268
295
311
363
494
686
16
48
272
274
280
292
296
311
352
368
377
392
404
407
416
432
434
468
560
802
824
932
976
34
49
51
161
233
257
264
272
273
277
293
312
443
657
817
820
34
50
272
274
278
290
307
308
310
314
322
354
368
434
530
562
624
824
930
115
243
274
275
288
291
298
299
306
315
371
434
554
819
6
20
36
37
48
53
260
276
280
292
306
309
356
368
372
404
436
657
816
818
820
950
6
16
61
108
277
288
293
308
445
800
22
46
51
306
311
319
438
447
774
799
882
62
127
259
291
292
303
304
310
371
438
481
805
8
21
24
40
48
184
283
296
300
305
317
344
346
373
376
410
432
488
798
826
57
145
171
272
281
318
425
537
825
52
58
59
179
286
291
299
306
315
358
380
400
826
59
63
281
298
307
314
507
571
818
44
60
260
294
300
340
412
436
796
824
948
38
109
297
312
319
340
341
348
429
563
565
821
222
284
313
413
446
469
830
878
63
310
317
427
442
446
670
4
8
64
66
164
192
193
226
256
258
263
288
296
323
324
328
332
336
354
356
358
368
404
448
449
450
454
466
472
577
586
768
770
792
832
840
992
1
64
65
85
96
193
257
259
264
265
281
322
329
337
351
357
368
409
449
457
466
832
833
32
42
64
66
70
84
194
195
225
258
298
306
321
323
338
343
354
358
376
386
450
454
458
465
466
610
832
834
837
840
854
870
2
64
81
219
259
266
293
320
322
327
331
343
363
385
391
451
454
603
771
843
855
866
867
960
4
20
70
84
136
260
261
320
325
334
336
340
342
422
448
452
453
492
584
836
844
1
69
79
103
192
257
265
270
288
324
333
337
353
455
773
845
871
965
70
76
86
102
198
256
258
260
262
327
334
342
358
382
391
454
775
5
323
326
455
582
837
3
42
64
72
74
96
136
153
320
331
344
352
365
376
416
456
474
488
835
840
844
969
41
73
74
225
265
321
331
333
334
345
347
448
449
457
464
584
617
713
825
833
841
961
969
2
10
67
72
74
90
91
240
258
264
266
270
282
302
338
346
354
578
810
834
838
873
11
46
73
75
120
161
202
265
297
323
328
329
335
347
414
2
72
268
320
333
334
352
360
408
452
460
517
832
877
77
109
261
268
297
325
329
332
335
396
453
461
829
70
74
88
92
267
268
324
326
329
332
348
364
366
438
463
478
534
845
847
271
287
331
333
463
823
847
65
80
84
88
116
194
272
274
320
324
340
341
344
346
369
411
433
448
472
480
632
784
820
832
848
849
850
857
977
17
18
55
80
81
92
220
256
258
273
275
321
325
339
349
368
405
497
593
849
0
18
66
82
226
258
274
322
330
339
471
528
780
1018
19
83
258
273
337
338
347
351
465
497
578
592
92
93
117
276
278
285
316
317
324
336
368
465
476
540
788
832
844
852
853
980
69
86
204
215
280
295
317
336
343
349
404
469
785
62
71
102
114
324
326
343
396
594
786
1012
67
78
95
209
322
323
341
342
355
375
583
855
16
25
64
88
120
216
298
312
328
336
345
347
351
384
448
468
505
536
568
844
873
891
920
1000
65
72
121
281
329
344
348
349
369
472
476
496
777
852
889
961
74
80
82
90
262
312
330
336
411
478
576
858
984
1
74
75
91
99
273
281
329
331
339
344
475
587
858
88
196
268
285
287
317
334
345
349
380
412
476
638
1000
44
124
337
341
345
348
894
22
24
26
124
278
351
556
832
862
962
990
85
321
339
344
350
605
607
52
64
76
96
240
256
289
292
297
300
304
328
332
354
356
480
484
496
864
870
35
98
99
193
224
272
289
299
325
356
357
359
360
363
365
369
481
482
496
515
753
807
813
872
873
993
43
66
98
124
194
226
279
288
295
306
320
322
330
352
355
358
554
618
686
848
866
880
67
97
343
354
449
546
547
7
36
53
68
96
116
276
308
320
352
353
357
364
372
484
613
614
836
838
864
876
5
37
101
103
261
263
288
301
321
353
356
369
373
865
869
877
49
111
245
292
294
314
320
322
326
354
359
838
868
230
235
291
353
358
611
871
9
12
75
104
234
296
332
353
362
364
480
494
864
872
41
97
289
362
369
418
449
457
489
889
939
11
71
98
104
106
234
290
360
361
394
585
808
871
1000
3
72
73
96
303
323
353
367
371
483
507
847
5
36
44
68
90
97
109
230
244
258
268
288
295
300
334
356
360
484
814
840
844
10
125
213
225
268
328
353
367
377
78
287
302
334
382
399
430
478
510
814
874
109
260
363
365
383
495
629
847
16
50
82
96
112
125
240
304
306
308
320
321
337
340
371
376
496
848
868
880
884
56
73
116
297
336
345
353
357
361
374
377
385
419
481
488
833
4
82
114
290
375
376
626
99
307
311
363
368
379
498
627
817
92
269
308
356
440
788
817
864
892
900
101
113
116
181
312
357
375
381
471
629
756
22
246
369
382
772
838
852
1010
247
343
370
373
887
24
120
289
312
322
328
368
370
377
472
505
508
872
880
121
297
304
365
369
376
476
505
889
114
234
379
381
382
626
848
884
892
121
283
299
371
378
603
889
54
124
314
348
382
472
588
782
373
378
445
446
987
84
261
287
326
366
374
378
380
496
863
367
447
895
0
4
128
130
132
136
160
196
256
264
272
280
344
385
386
393
417
448
450
644
656
672
777
898
960
0
32
68
128
129
136
180
193
227
256
259
264
272
289
293
323
369
384
387
389
391
393
405
409
412
416
417
425
429
483
643
704
896
897
898
964
34
74
130
138
194
258
288
291
322
384
387
390
402
416
450
451
656
898
914
16
131
147
162
179
219
261
385
386
391
393
402
403
419
466
467
643
659
751
930
4
84
132
164
212
260
261
268
272
300
389
396
417
426
448
451
452
453
455
457
484
644
744
772
781
896
898
900
913
928
934
1
7
129
133
149
197
257
261
268
276
277
293
385
388
405
407
417
420
449
485
908
14
20
132
134
261
262
294
386
396
420
423
454
462
775
902
911
23
135
142
147
198
203
271
295
323
326
385
387
399
422
431
451
454
455
467
499
659
897
0
56
136
137
140
168
200
216
264
280
296
298
304
393
394
448
456
473
482
650
776
904
908
970
137
203
282
384
385
387
392
396
400
401
409
424
456
641
840
26
136
162
186
258
266
267
362
392
395
410
457
642
648
804
898
970
139
154
267
394
399
410
411
482
650
906
907
939
136
152
333
342
388
390
393
397
452
460
478
780
972
145
396
399
425
453
899
909
1005
14
136
140
142
413
414
422
446
460
462
479
918
11
271
366
391
395
397
411
479
516
655
735
918
17
132
146
194
208
264
272
273
314
393
402
404
407
408
432
448
464
470
497
560
569
656
690
784
816
912
981
19
131
133
149
201
393
409
412
433
465
708
912
913
18
67
136
146
258
272
290
296
386
387
400
409
410
432
434
464
770
844
916
962
4
159
242
249
387
451
465
538
913
946
982
20
144
148
274
276
278
286
304
308
320
341
400
405
406
412
466
476
500
768
816
899
902
922
948
28
133
196
245
257
337
385
389
404
408
472
503
661
18
20
132
183
195
262
404
411
414
420
432
470
644
23
71
87
159
304
389
400
413
464
483
787
933
983
24
152
153
264
272
332
400
405
409
410
536
680
908
920
922
952
8
141
155
266
280
321
385
393
401
402
408
411
457
472
729
792
136
138
146
147
184
242
266
274
282
312
394
395
402
408
414
423
470
473
474
826
147
169
210
336
346
395
399
406
409
923
959
20
28
148
150
156
157
220
316
348
385
401
404
414
432
444
448
460
464
476
479
648
698
788
135
140
148
270
277
318
398
407
477
925
957
190
331
398
406
410
412
476
906
926
135
427
455
467
474
479
927
144
160
166
172
184
240
256
260
288
294
297
298
304
328
385
386
418
420
424
448
456
486
544
672
804
904
938
1
161
184
261
288
289
291
384
385
388
389
418
424
425
433
549
672
673
747
777
803
817
825
932
96
160
171
174
266
288
290
291
302
361
416
417
422
423
481
486
672
688
739
808
914
939
944
945
960
39
51
163
175
261
288
289
291
369
387
435
642
779
816
897
997
999
133
288
292
389
390
406
416
421
422
460
484
502
673
772
773
900
916
932
992
1004
103
420
425
493
933
948
6
8
324
391
398
418
420
438
462
702
800
11
161
166
182
390
410
418
431
822
934
935
967
136
168
170
232
296
393
416
417
428
444
493
504
930
932
1000
33
40
57
168
169
313
385
397
417
421
688
937
1000
130
170
171
232
234
299
388
430
434
442
466
490
506
930
936
939
9
163
184
234
319
415
442
651
779
815
172
190
296
424
436
492
173
188
189
297
301
317
385
1005
12
126
130
174
190
366
426
910
250
391
423
907
939
999
168
176
274
304
312
400
402
406
412
434
944
8
149
160
164
179
336
401
417
434
469
473
481
504
561
657
705
921
955
1013
16
50
130
160
177
178
259
272
304
306
307
402
426
432
433
438
499
818
163
259
274
419
437
499
647
827
946
28
176
180
308
316
428
444
500
928
948
132
435
439
469
945
118
310
311
334
422
434
464
503
558
934
134
167
437
690
823
8
72
152
154
184
242
372
496
698
818
952
137
171
181
185
280
296
501
537
945
187
234
258
319
426
427
443
506
698
986
154
305
442
827
52
302
412
424
436
472
480
639
700
900
309
381
696
1012
176
180
284
318
319
381
398
478
790
894
926
958
988
151
187
189
191
310
383
0
64
128
132
192
193
196
198
208
217
260
264
265
320
324
329
336
344
384
388
392
400
412
416
449
450
452
456
457
464
576
704
746
960
962
976
75
97
192
224
225
320
321
329
355
361
389
448
450
452
457
464
469
577
961
968
66
138
194
195
201
259
290
320
322
384
386
448
449
456
458
459
467
482
486
967
990
103
131
199
200
203
235
323
386
388
391
403
453
459
902
962
69
84
192
220
225
256
268
324
332
388
396
448
449
453
454
484
590
720
961
964
972
5
65
133
140
197
229
236
261
324
333
388
397
451
452
454
455
469
499
503
709
839
965
4
35
64
130
262
320
322
323
326
390
391
452
453
455
462
471
486
962
966
95
135
325
327
388
391
415
453
454
614
903
65
88
200
202
216
232
267
268
328
392
393
416
448
450
464
473
485
490
492
896
960
962
966
970
971
73
136
193
200
202
225
321
329
361
388
394
409
448
449
460
461
473
481
489
504
777
961
202
322
450
459
463
472
474
712
986
133
203
450
451
458
463
863
971
76
140
205
206
332
396
398
412
420
457
508
964
972
143
159
221
269
333
457
644
845
969
69
390
398
422
454
770
918
966
175
205
238
334
335
458
459
471
489
80
88
209
212
240
329
400
402
407
412
438
448
449
456
465
467
468
472
704
912
977
1008
192
208
209
322
339
340
401
403
464
467
468
581
659
721
192
320
321
322
387
404
426
474
848
51
65
387
391
415
450
464
465
475
689
763
991
118
304
344
464
465
469
916
948
978
980
984
80
139
213
276
318
341
433
437
449
453
468
471
705
982
210
400
406
410
496
498
840
855
912
981
982
95
197
277
338
373
454
463
469
511
964
981
985
320
336
345
376
380
405
409
444
458
464
476
504
508
602
976
1012
105
241
392
410
433
456
457
10
66
208
210
218
219
328
410
415
458
466
478
502
507
835
927
987
201
347
467
971
112
220
340
345
348
377
404
412
414
472
478
704
813
876
197
253
413
713
734
126
334
346
366
396
446
474
476
510
762
926
398
399
412
415
8
65
160
224
241
288
336
352
360
444
481
488
491
496
808
946
96
137
192
311
353
369
418
433
457
480
483
725
865
147
226
227
258
290
353
392
395
450
498
506
129
231
249
363
385
407
481
499
935
142
172
212
224
271
352
356
364
388
420
452
628
994
228
247
389
456
501
621
70
295
416
418
450
454
490
742
806
950
745
838
72
162
192
201
232
312
328
369
480
504
520
872
993
1000
1002
97
361
457
463
497
749
753
785
809
968
136
170
264
426
456
486
506
99
123
203
480
907
990
1001
324
428
456
940
143
200
249
291
421
424
861
965
38
127
303
360
940
1005
271
367
176
245
248
256
345
352
353
368
382
440
470
480
500
736
992
993
240
243
337
339
400
489
832
179
226
242
371
470
482
1010
131
167
219
391
434
435
453
483
755
945
1011
276
404
436
496
852
919
936
982
996
229
441
485
503
997
230
420
474
405
438
453
501
248
424
433
457
472
488
954
984
171
185
241
344
376
377
507
1021
426
442
482
490
680
201
315
363
474
505
184
376
460
472
748
1020
101
58
366
478
244
471
0
1
4
8
16
25
34
128
256
513
514
516
519
520
522
523
528
530
544
546
556
576
577
578
580
586
626
640
641
645
648
656
704
768
769
776
788
836
864
881
0
1
9
33
81
89
129
139
256
257
265
512
515
517
518
523
525
528
529
545
553
569
576
577
587
640
641
656
657
705
769
789
867
0
2
3
4
6
7
10
34
66
74
80
102
150
260
512
520
526
528
530
536
544
546
555
562
576
586
590
602
610
640
644
650
654
666
774
786
834
0
2
3
33
37
83
128
131
261
275
353
513
518
547
578
587
624
643
771
801
802
0
4
32
36
69
132
196
262
272
292
399
512
518
528
532
534
544
545
552
556
565
572
581
605
612
644
678
708
793
800
805
864
902
0
5
11
13
15
37
38
64
100
332
513
519
520
537
544
545
548
549
551
577
661
693
769
772
817
897
6
7
20
22
102
133
258
513
515
516
519
522
526
558
580
582
614
621
646
647
770
782
790
839
6
7
12
21
69
260
512
517
518
527
533
535
549
583
643
647
772
786
813
8
9
10
12
13
16
44
64
68
104
152
268
488
512
514
517
521
522
524
528
536
545
554
556
576
584
632
640
644
705
712
769
776
793
834
906
932
3
9
13
33
41
67
72
152
520
525
527
530
553
585
727
776
793
841
10
14
16
202
274
512
518
520
523
524
526
531
542
554
560
563
586
602
616
648
712
735
770
780
783
842
3
7
9
10
29
43
136
512
513
522
538
554
587
617
642
651
697
714
771
776
783
811
897
12
13
14
16
37
76
268
520
522
525
527
528
548
556
584
588
644
664
684
781
13
29
78
205
261
513
521
524
527
532
541
542
585
591
651
653
777
781
971
6
14
22
44
66
78
514
518
522
540
551
590
646
647
651
655
719
778
4
47
90
519
521
524
525
542
543
550
607
771
775
778
783
847
910
10
16
17
18
21
24
52
80
82
98
146
152
240
256
272
338
512
513
514
516
520
524
530
532
536
560
576
592
616
640
644
771
784
794
836
913
17
281
513
531
533
535
561
593
595
664
665
705
721
769
817
913
915
2
8
18
26
58
66
83
146
150
282
306
512
514
521
528
531
532
536
538
544
562
568
576
578
594
625
656
662
672
694
784
818
848
2
4
19
23
522
529
530
534
535
539
561
594
631
658
659
786
787
833
6
12
20
28
276
516
525
528
530
564
598
628
652
660
727
772
785
788
860
31
263
273
519
529
534
537
543
548
561
571
593
597
627
657
660
787
790
821
849
20
22
23
30
118
150
334
516
531
533
540
548
566
606
722
782
798
820
19
23
279
519
529
531
565
567
580
615
627
783
862
867
24
25
92
153
184
344
408
514
520
528
530
537
538
542
568
570
616
664
768
856
921
17
21
29
137
147
152
313
441
517
533
536
538
565
570
593
664
697
729
777
789
793
795
25
26
95
403
523
530
536
537
539
542
602
650
656
667
694
794
59
155
531
538
543
569
571
667
938
20
28
92
284
340
526
534
556
597
668
732
788
796
888
30
69
285
525
589
605
789
24
30
94
522
525
527
536
538
638
798
814
886
51
151
527
533
539
591
607
668
791
2
32
33
41
96
100
288
416
512
514
516
517
530
545
547
548
552
560
561
576
608
609
672
684
746
772
800
801
816
928
0
33
37
49
96
97
161
288
513
516
517
520
544
548
549
561
609
619
641
681
684
777
801
817
845
896
32
35
42
58
96
162
355
512
514
548
554
562
610
642
674
740
768
778
832
898
930
2
103
167
355
515
544
555
563
674
675
677
690
769
770
807
865
0
32
36
44
48
52
69
100
293
517
524
533
534
544
545
546
549
550
551
558
581
608
612
624
644
672
676
686
689
736
740
788
806
871
916
928
4
33
37
39
45
105
167
177
197
417
517
519
545
548
555
556
565
601
644
673
677
685
804
805
32
34
70
98
527
548
551
554
613
614
804
806
814
3
7
37
39
199
517
526
548
550
623
803
8
34
36
40
41
168
202
297
516
544
553
554
558
569
592
600
616
620
640
672
808
812
818
821
1
41
45
169
234
297
513
521
552
569
617
637
697
729
778
801
829
937
38
42
56
172
202
307
354
520
522
523
546
550
552
570
584
608
618
648
650
676
680
682
691
699
818
826
33
40
174
514
547
549
615
717
744
801
811
862
891
915
4
28
40
44
48
350
512
516
520
524
540
549
558
559
581
584
620
636
680
684
810
812
813
876
45
559
573
589
590
620
621
679
813
823
4
110
236
438
518
548
552
556
559
570
574
587
620
687
746
783
814
29
109
556
557
558
655
815
16
18
48
49
50
56
112
177
240
272
288
304
400
522
528
544
624
625
628
644
664
688
800
824
880
996
1008
48
57
147
273
433
529
531
533
544
545
567
593
641
677
688
723
761
789
2
39
50
56
114
132
146
242
306
514
530
546
611
612
626
632
802
826
850
17
18
34
35
177
179
317
522
547
571
573
626
627
730
875
20
38
60
244
532
565
566
612
624
674
679
702
800
816
884
21
47
317
516
535
537
549
564
804
820
823
62
534
564
567
570
631
678
694
772
791
823
535
561
566
821
823
951
953
10
13
16
28
40
56
62
99
104
120
152
344
530
536
570
571
680
689
696
699
999
25
42
400
513
539
552
553
570
697
761
62
106
190
536
537
554
558
566
568
569
571
594
698
810
824
866
9
50
59
315
533
539
563
568
570
634
639
823
927
50
52
53
56
116
280
516
664
669
685
700
825
861
61
557
563
621
695
699
797
826
861
60
114
558
748
47
630
0
8
18
64
66
69
72
81
96
97
112
114
194
346
448
512
513
514
520
528
530
544
577
578
579
581
584
588
592
604
617
648
704
710
716
745
784
832
856
872
880
898
960
962
1
3
64
65
69
87
320
449
512
513
517
576
579
581
583
585
597
609
637
673
704
717
816
832
869
969
2
6
18
65
68
98
105
143
162
290
330
339
512
515
530
576
579
582
586
594
595
602
611
622
844
851
856
51
65
80
576
577
578
584
587
588
611
614
835
68
134
512
518
535
581
582
583
596
597
598
604
612
626
672
727
774
836
848
21
197
465
516
548
556
576
577
580
589
613
673
725
742
749
832
835
849
900
977
6
7
38
50
54
68
70
72
76
78
86
100
104
198
270
327
518
578
580
594
599
743
781
854
902
69
85
87
343
519
577
580
695
839
855
977
8
24
64
72
74
124
324
329
520
524
554
556
576
579
585
588
592
600
634
680
712
746
793
833
843
844
872
892
64
69
72
77
189
193
201
362
521
525
577
584
600
616
617
713
720
745
841
872
969
8
74
106
320
512
514
522
578
590
591
600
614
622
654
715
718
730
777
906
5
73
74
75
81
347
513
515
523
558
579
590
591
603
642
647
666
713
730
846
859
867
971
981
13
80
108
200
380
524
576
579
584
590
620
636
652
783
836
845
5
11
89
541
557
581
637
708
725
773
781
842
845
973
975
2
46
70
90
452
514
526
557
586
587
588
591
594
602
646
716
846
877
77
79
525
543
586
587
590
643
781
783
837
839
842
974
0
20
28
64
80
81
88
98
128
339
528
552
576
584
594
596
600
608
624
720
792
840
963
964
0
19
37
64
80
81
97
211
212
337
529
533
537
561
594
597
601
633
725
821
848
849
853
883
896
16
67
70
74
82
114
128
210
342
530
531
570
578
582
590
592
593
597
598
627
721
850
882
983
19
67
87
90
273
529
578
599
626
659
755
20
84
113
168
180
580
592
597
598
628
645
662
848
862
916
988
20
21
37
73
84
533
540
577
580
593
594
596
602
721
727
977
980
68
70
85
134
214
532
580
594
596
722
724
727
786
71
215
582
595
606
631
1015
24
88
89
192
552
584
585
586
592
601
604
605
606
616
626
632
736
792
795
856
25
59
93
549
593
600
605
689
729
745
785
861
973
8
24
89
266
472
514
522
538
578
590
597
634
714
723
730
786
866
970
26
66
80
323
379
587
851
857
16
88
94
116
126
576
580
600
606
613
624
732
733
876
88
157
351
516
541
600
601
733
862
90
534
599
600
604
854
107
351
527
543
623
637
639
714
717
862
32
65
68
70
96
99
100
112
116
224
544
548
554
592
613
616
626
728
744
800
865
868
872
880
961
992
97
108
177
544
545
577
611
616
645
677
715
840
869
881
102
322
514
546
611
618
720
802
864
1009
91
359
562
578
579
609
610
626
631
738
743
803
867
1009
36
100
109
516
548
562
564
580
613
615
620
772
868
877
69
101
103
117
133
245
356
550
581
604
608
612
615
620
629
705
749
877
36
87
118
356
455
518
550
579
586
638
646
868
869
78
119
262
535
555
612
613
679
8
92
98
522
528
536
552
585
600
608
609
617
620
621
732
872
105
111
203
329
523
553
576
585
616
621
624
634
737
809
825
985
42
354
554
610
622
623
746
810
840
872
906
43
103
545
633
714
761
72
76
124
552
556
557
558
588
612
613
616
632
682
750
876
109
111
237
300
485
518
557
573
616
617
636
685
844
46
110
578
586
618
623
676
750
111
551
607
618
622
639
650
971
50
116
240
306
515
548
560
564
592
604
617
628
721
752
784
832
850
882
888
49
81
177
289
530
560
629
689
785
867
1009
87
115
370
378
512
562
563
580
595
600
608
611
627
638
754
882
371
533
535
563
594
626
635
753
863
38
117
484
532
560
596
624
631
636
693
720
724
742
756
820
888
63
96
125
173
243
367
373
613
625
737
741
893
55
112
246
575
631
754
531
566
599
611
628
630
636
727
839
885
893
56
105
120
121
336
520
562
600
620
637
704
760
764
824
593
619
873
881
894
53
91
106
114
571
584
602
617
638
826
73
91
122
291
627
666
895
20
85
108
122
249
556
588
621
628
631
767
892
124
553
577
589
607
632
756
95
348
542
614
626
634
766
123
444
571
607
623
734
1023
6
10
16
64
128
136
146
160
192
193
208
256
288
512
513
514
520
528
552
641
642
646
650
656
673
704
705
706
708
712
716
740
768
774
784
801
816
896
904
905
924
930
5
9
128
130
169
193
200
257
297
393
512
513
545
561
640
643
649
656
672
675
721
738
769
776
816
833
896
897
130
137
138
194
394
419
523
546
587
640
643
658
660
680
708
710
898
906
3
6
135
168
193
385
387
515
519
591
641
642
647
651
659
666
675
706
707
713
715
899
907
116
132
133
182
384
388
406
461
514
516
520
524
528
548
549
560
645
648
658
664
676
706
708
741
772
896
900
901
933
996
128
133
149
164
199
512
596
609
644
652
653
661
717
900
6
14
18
134
143
518
526
590
614
640
647
654
662
679
703
710
806
906
133
159
167
435
518
519
526
587
643
646
653
663
709
40
74
88
128
136
168
175
288
394
412
512
522
554
576
644
649
650
651
665
673
680
696
704
760
902
4
9
11
129
137
139
641
648
650
652
664
681
712
717
745
757
811
832
896
904
905
911
937
969
74
130
392
395
514
538
554
623
640
648
649
651
658
666
680
682
706
714
716
744
878
898
908
131
139
257
427
523
525
526
643
648
650
655
702
715
731
745
750
907
917
128
140
532
588
645
649
666
670
680
684
698
716
782
938
133
206
525
645
647
669
707
712
901
175
514
586
646
714
910
926
155
399
526
559
651
966
0
8
128
129
130
144
148
384
386
400
512
513
530
538
640
641
661
664
696
720
784
896
898
960
144
153
161
209
305
308
433
513
533
665
673
689
713
714
913
18
130
150
212
216
531
642
644
650
674
698
707
722
727
976
978
2
26
387
391
465
531
595
643
663
667
691
723
755
787
16
20
134
180
532
533
642
661
665
668
700
714
720
916
7
405
517
645
656
660
681
693
695
773
925
932
14
130
150
530
596
646
687
694
695
772
918
50
145
151
647
659
693
72
91
92
128
136
137
169
216
524
529
536
537
560
572
644
649
656
665
667
670
696
721
730
792
896
904
916
922
25
120
157
529
648
657
660
664
697
713
737
801
921
925
955
985
989
154
156
514
587
635
643
650
652
698
56
155
157
538
539
659
664
671
52
144
272
540
543
660
676
724
728
749
924
926
980
141
572
653
30
138
158
178
319
652
664
694
702
716
846
94
129
143
667
719
733
160
232
384
416
417
418
530
544
548
552
580
641
673
676
680
692
704
736
774
804
896
928
938
16
33
145
161
164
169
177
417
420
549
577
581
640
648
657
672
705
736
744
752
928
16
34
161
176
178
186
546
547
564
658
678
682
690
712
743
802
810
936
547
641
643
683
689
737
739
931
994
133
160
164
176
182
196
228
293
548
554
622
644
668
672
678
684
686
692
702
740
745
756
804
932
948
77
133
165
547
549
561
609
804
901
945
166
202
516
566
674
676
934
938
557
564
615
646
743
42
56
160
161
164
168
169
408
506
554
556
568
584
642
648
650
652
672
682
684
738
746
1004
185
545
649
661
683
905
928
929
945
265
554
620
650
674
680
683
747
930
171
675
681
682
745
907
931
936
955
38
69
164
173
524
544
545
556
652
676
680
701
938
940
37
549
572
621
957
39
164
172
178
303
354
548
676
746
942
1006
159
167
223
558
662
762
943
28
92
144
160
177
178
180
272
418
425
560
561
752
784
788
804
818
882
912
928
944
945
1013
163
224
242
256
467
548
568
601
625
657
675
691
693
753
785
896
944
50
51
178
182
210
211
400
439
547
674
751
759
878
897
944
166
554
659
689
701
180
181
188
672
676
698
756
829
948
1012
183
241
517
628
661
663
689
944
946
6
54
130
150
530
538
566
662
670
700
919
926
934
163
181
573
583
661
662
759
902
56
152
154
184
445
568
648
656
664
698
760
922
945
952
49
156
176
187
248
253
523
537
553
569
665
700
749
929
952
58
162
176
298
412
440
442
570
652
658
666
692
696
856
958
1010
554
568
573
122
177
220
240
444
572
660
694
697
764
684
691
725
765
422
564
651
670
676
703
646
702
765
64
160
192
196
200
228
385
448
464
476
512
576
577
632
640
648
672
705
706
711
720
722
738
744
832
864
866
896
929
1
67
69
433
469
513
520
529
613
640
673
704
721
736
745
768
897
928
961
72
130
146
192
194
203
211
640
643
644
650
704
707
721
738
742
64
199
643
653
658
706
723
843
899
68
108
132
150
195
196
224
225
401
516
589
640
642
644
709
716
727
752
757
898
453
647
708
834
1013
118
192
196
199
576
642
646
711
712
742
907
981
81
195
704
710
713
727
839
966
967
73
232
458
520
522
584
640
649
653
674
710
713
716
728
732
740
780
904
908
76
329
477
585
587
643
657
665
711
712
717
743
825
835
10
78
138
139
194
199
200
202
270
523
602
607
619
650
654
657
660
856
898
970
1000
201
586
609
643
651
763
764
72
193
200
206
212
576
590
640
650
652
670
708
712
972
137
253
555
577
607
645
649
713
725
973
206
586
748
990
526
671
144
146
212
452
585
592
610
628
656
660
704
728
730
732
740
752
753
922
64
81
99
209
465
529
594
597
624
641
664
705
706
725
793
971
1009
151
208
210
222
534
598
658
704
726
728
738
914
135
147
211
215
217
561
602
659
707
20
209
214
223
598
628
668
117
481
581
589
593
701
717
721
853
114
196
214
722
982
31
134
231
521
532
580
597
598
631
658
708
711
152
157
205
208
209
216
608
668
712
720
722
730
960
978
988
136
409
537
553
601
978
138
202
210
216
218
563
586
587
602
664
720
728
984
986
219
651
763
970
540
604
616
712
720
734
760
767
984
1014
189
604
605
671
734
748
861
1023
477
639
732
733
735
766
154
157
159
223
399
522
734
64
96
128
162
496
548
600
672
673
705
743
744
752
881
960
992
995
1008
17
160
200
617
629
665
675
740
753
80
122
138
162
234
611
641
680
704
706
722
742
930
994
104
227
243
418
675
755
994
995
100
132
546
548
640
676
712
720
737
744
928
934
197
629
644
748
757
935
967
981
166
486
581
628
706
710
738
746
870
994
135
582
611
674
679
713
736
767
839
999
88
96
225
388
555
608
650
673
704
736
740
136
233
487
576
585
601
649
651
676
683
705
777
811
873
941
1003
448
544
558
584
618
680
686
742
760
762
856
888
417
682
236
508
574
718
733
741
239
245
489
581
613
668
697
170
238
620
622
651
767
302
387
690
755
32
80
188
208
240
624
673
688
708
720
736
788
912
1008
1018
353
489
627
689
720
737
761
194
242
626
630
758
114
243
499
595
659
739
751
1019
248
373
628
637
676
692
758
244
649
708
741
767
948
965
52
190
246
754
756
882
886
231
690
695
116
123
632
648
696
732
746
767
920
152
561
569
619
753
478
687
746
1002
467
715
731
120
188
632
700
715
829
93
701
703
638
734
767
888
636
732
743
750
757
760
766
0
128
256
260
261
292
320
404
512
536
546
640
705
770
771
772
773
776
780
784
785
792
800
802
810
812
832
836
844
848
865
881
896
905
908
924
16
65
137
257
289
512
513
517
520
529
547
641
773
777
789
801
808
811
832
833
834
835
841
897
900
3
66
256
258
259
263
264
266
268
278
320
402
462
518
522
547
768
776
782
786
794
810
833
835
843
864
914
962
2
11
259
288
291
323
515
523
527
528
768
775
779
835
899
907
963
4
6
260
262
264
374
388
420
517
519
532
544
566
612
644
662
768
773
774
776
780
788
800
804
806
844
900
901
908
916
9
13
129
325
420
589
661
768
769
772
775
776
805
829
869
901
913
14
36
258
262
265
310
514
580
640
672
772
778
804
834
839
902
269
326
390
527
771
773
782
807
903
8
10
260
268
269
298
392
512
520
521
523
641
768
770
772
773
777
778
788
792
793
796
801
840
841
867
872
896
905
944
64
81
265
345
384
417
457
525
537
545
586
745
769
776
781
783
801
833
843
865
897
905
937
263
280
283
526
527
546
553
774
776
780
782
783
968
299
419
427
771
793
797
827
907
922
13
76
262
264
268
300
338
396
522
712
768
772
778
828
836
904
910
927
13
269
293
388
524
525
582
589
591
777
783
797
837
841
905
148
267
271
284
300
380
518
534
652
770
775
778
783
798
846
909
910
970
522
523
527
535
558
588
591
777
778
781
782
797
847
1007
256
258
272
280
336
400
528
530
576
624
640
656
688
768
785
786
787
788
800
804
824
832
848
849
880
906
912
916
197
257
273
275
341
489
532
601
625
689
768
784
789
793
797
817
912
913
919
952
150
258
276
286
342
514
519
531
598
602
770
784
792
794
826
848
850
852
886
978
26
262
275
407
531
533
659
784
821
837
850
851
899
913
1009
22
276
340
372
412
512
532
540
548
688
752
772
776
784
789
804
852
853
948
276
513
537
541
561
769
785
788
791
804
821
853
22
446
518
533
798
819
822
838
850
918
978
286
543
566
789
851
983
265
280
296
320
409
592
600
664
768
776
786
794
826
848
859
916
924
957
265
516
520
521
537
584
721
776
779
785
797
853
266
528
538
770
786
792
798
858
922
954
986
11
283
537
600
827
905
920
923
954
987
204
282
284
316
540
776
799
824
856
857
862
892
916
956
20
281
573
779
781
783
785
793
799
925
36
175
312
534
542
782
790
794
814
926
940
310
796
797
805
829
5
100
256
288
296
300
309
422
516
544
560
564
608
768
772
784
801
802
804
816
817
818
864
881
888
897
899
928
932
4
9
33
39
113
161
177
265
288
293
515
544
545
553
555
640
665
769
776
777
800
803
808
817
833
928
929
1020
22
36
288
295
304
515
562
610
674
768
800
807
810
818
866
910
911
930
931
936
962
50
417
551
611
801
806
816
866
36
37
100
256
260
268
292
293
394
416
549
550
565
672
676
677
688
772
774
784
788
789
800
812
820
836
868
869
940
41
293
301
311
516
549
773
799
809
486
548
550
646
772
803
807
812
870
908
940
7
51
353
547
775
802
806
815
831
874
902
903
941
32
296
362
418
480
552
769
801
812
824
843
872
944
968
15
489
617
805
819
825
937
947
953
2
25
34
72
106
297
330
556
570
618
674
768
770
802
814
815
818
874
523
555
649
745
769
875
898
906
907
40
260
302
552
556
768
804
806
808
813
876
992
29
265
269
301
302
353
476
519
556
557
812
294
364
366
542
550
558
798
810
906
942
427
559
807
810
903
907
32
48
297
308
400
404
419
544
564
577
640
641
800
803
818
820
824
828
836
880
944
953
289
305
371
372
417
517
529
545
785
800
801
819
821
825
885
917
50
288
308
315
434
440
530
552
554
688
800
802
810
816
848
930
307
790
809
817
947
270
305
308
336
534
565
628
804
816
824
825
949
55
166
293
295
317
533
552
567
593
787
789
817
865
38
423
790
919
335
439
557
565
566
567
571
824
304
306
316
560
570
632
784
796
808
816
820
823
953
958
313
329
417
572
617
713
809
817
820
889
891
42
113
312
314
410
554
562
573
634
786
792
827
830
894
283
435
443
779
795
826
883
959
1016
780
816
956
9
61
333
553
692
764
773
799
318
826
951
807
119
292
320
321
322
332
336
340
350
497
546
576
577
581
624
649
704
768
769
784
833
834
836
837
840
844
864
868
869
876
901
257
273
321
329
369
531
584
641
769
770
777
801
832
835
865
913
946
981
992
22
256
322
330
514
520
709
769
774
832
838
840
842
848
875
966
986
328
474
579
581
713
769
770
771
833
837
843
866
867
902
68
108
261
324
356
512
528
580
588
768
780
804
816
832
837
838
844
852
864
865
869
885
961
965
973
996
322
327
591
781
787
832
835
836
841
965
997
70
330
356
358
374
487
790
834
836
839
848
854
868
964
965
966
982
39
69
268
453
518
583
591
631
711
743
774
838
847
8
75
89
90
320
322
328
364
393
470
592
609
618
776
832
834
856
860
972
984
81
265
329
521
585
769
776
781
837
844
857
264
522
589
591
834
88
323
584
707
770
777
808
835
847
873
300
324
328
340
344
364
402
578
584
621
768
772
832
836
841
876
287
325
334
461
545
588
589
587
590
670
782
871
876
974
78
334
335
363
367
527
783
839
843
879
20
80
88
272
273
280
336
354
368
378
466
530
580
593
596
768
784
786
792
818
834
838
849
856
961
978
257
336
337
533
581
593
784
848
977
336
562
594
624
786
787
790
854
870
888
578
603
787
791
853
4
16
150
292
340
345
374
500
786
788
836
869
1020
340
593
725
788
789
793
851
857
860
964
322
582
606
838
850
866
895
71
323
343
470
583
861
887
280
536
576
578
600
698
714
746
796
840
848
858
29
88
89
281
336
603
796
841
853
860
883
889
979
981
346
347
794
856
874
890
257
266
587
792
532
840
853
857
861
862
888
29
213
493
572
573
601
733
855
860
863
350
535
555
596
605
607
796
860
892
926
382
459
627
861
1019
114
288
352
356
360
372
512
516
610
704
770
800
832
836
885
928
980
992
33
97
233
357
481
547
608
768
777
821
833
836
867
876
877
323
354
570
602
704
802
803
835
854
994
103
323
513
535
587
611
625
776
835
865
869
875
895
297
358
368
608
612
614
804
832
838
874
357
577
609
614
773
804
832
836
852
867
870
871
951
1013
36
322
352
742
806
850
869
878
998
325
359
362
548
846
869
353
360
376
488
576
584
585
608
616
618
776
808
873
874
940
992
105
237
330
344
353
633
745
843
872
1011
75
96
366
807
810
858
868
872
877
878
894
994
234
563
811
834
867
1003
1019
228
300
356
476
556
604
620
812
832
844
846
865
908
112
332
357
590
612
613
865
874
879
972
46
108
318
650
690
870
874
1006
291
847
877
894
939
1007
354
368
376
560
576
608
784
816
882
997
16
51
512
609
633
736
768
800
310
594
624
626
688
758
880
890
962
1011
55
593
827
857
915
979
97
277
368
378
564
1009
631
817
836
864
913
71
118
302
542
758
786
958
375
855
65
104
540
624
628
746
766
800
850
860
115
345
361
377
379
825
857
893
56
858
882
67
120
285
344
555
825
1003
372
378
584
636
796
862
894
123
629
631
889
174
349
446
633
826
874
879
892
383
635
854
867
128
132
136
174
256
385
388
456
545
593
640
641
644
649
656
664
672
689
704
768
776
898
900
904
912
928
932
935
944
945
950
961
962
0
135
137
267
385
391
419
517
523
641
690
705
769
777
800
901
905
961
2
19
264
272
275
384
385
386
388
394
546
576
642
650
656
708
714
811
896
906
914
930
1002
191
275
299
397
404
643
707
771
787
800
904
915
979
145
292
372
388
420
444
581
644
645
769
772
896
901
908
930
932
934
996
128
644
653
677
772
773
832
897
900
917
965
390
404
451
516
582
648
695
774
807
835
910
914
131
455
775
807
815
911
918
919
934
967
9
392
416
640
649
664
712
780
896
899
906
937
960
968
137
640
649
681
768
776
777
781
795
897
909
936
972
985
142
395
414
520
586
618
642
646
784
811
814
898
904
907
923
952
970
10
138
267
395
431
491
643
651
683
710
771
779
811
815
906
939
12
276
389
392
408
650
712
768
772
806
876
900
909
924
940
29
397
782
905
908
269
270
430
527
654
780
782
802
902
934
265
390
649
802
903
939
18
400
401
464
470
688
752
784
785
896
916
952
976
992
17
129
388
401
403
528
529
657
773
785
787
833
885
917
929
937
26
386
418
722
770
898
902
915
922
954
529
555
883
899
914
923
946
947
949
984
987
402
420
468
548
596
660
664
772
784
792
796
912
918
934
991
285
651
817
901
913
919
925
949
965
398
399
462
662
790
903
916
950
267
500
694
785
822
903
917
923
1010
26
282
344
408
760
795
922
923
932
945
976
25
285
433
536
665
26
275
404
408
664
696
720
779
794
914
920
937
955
185
411
795
906
915
919
920
925
152
640
668
768
792
908
925
153
413
661
665
797
917
923
924
414
446
478
654
668
694
798
862
982
415
474
571
780
289
388
436
544
548
672
673
681
688
705
740
800
801
864
896
929
930
934
944
992
995
1020
8
33
681
697
704
801
913
928
937
944
953
993
296
306
387
424
426
546
640
682
738
802
818
898
900
928
938
940
976
283
289
675
683
802
935
978
994
4
36
38
261
304
417
420
424
520
661
676
800
896
900
920
933
934
948
269
302
407
421
644
932
941
948
388
423
438
678
694
740
900
903
910
916
928
932
950
997
1022
167
293
423
483
741
896
931
296
426
500
674
683
802
905
937
952
961
1003
141
168
425
553
649
777
809
904
913
922
929
936
40
56
416
539
652
672
678
684
930
1022
175
269
361
395
418
426
431
879
907
911
192
492
494
684
798
804
806
872
908
930
945
1004
1017
745
807
933
957
288
686
814
958
188
301
687
418
432
688
689
690
693
776
808
816
896
928
929
945
948
977
1008
418
437
441
499
677
681
688
696
896
920
940
944
947
49
242
403
435
480
693
833
915
950
809
819
915
945
958
160
316
404
421
436
468
676
692
757
788
932
933
944
949
960
49
157
820
915
917
948
985
1013
308
486
896
918
934
946
59
567
830
869
408
440
696
697
785
906
912
936
1016
567
809
816
824
929
957
138
504
794
795
914
1018
433
665
683
922
796
828
1012
413
685
792
941
953
958
446
698
824
886
942
947
957
411
827
66
192
230
256
323
384
418
448
456
576
656
728
736
904
948
964
968
984
992
996
1000
64
329
345
449
452
457
608
705
836
848
896
897
936
965
969
981
992
1000
132
350
402
448
451
454
456
576
770
802
882
896
966
967
970
983
592
771
979
995
68
385
452
460
471
592
838
853
960
994
325
453
493
757
836
837
838
901
917
961
12
454
456
462
655
711
834
838
962
978
986
994
998
423
450
711
741
903
962
969
999
217
449
489
778
808
904
960
969
971
980
1000
205
216
328
329
461
577
585
649
961
967
968
10
392
394
456
602
714
731
782
906
962
975
986
1005
456
459
475
525
587
623
721
968
1002
1020
13
300
396
452
460
716
840
877
905
589
601
717
836
985
86
591
846
589
970
1003
208
224
304
448
472
658
912
920
930
984
336
464
581
583
597
849
944
272
468
658
728
729
786
790
848
931
966
980
983
203
274
857
883
899
963
982
983
340
468
597
668
864
968
978
1008
400
470
471
587
710
741
833
857
961
989
403
469
470
500
726
838
926
979
407
594
791
962
978
979
984
89
136
346
468
504
730
732
840
915
960
976
983
1010
1020
217
471
617
665
905
949
973
442
458
730
794
834
966
970
987
381
474
795
915
986
217
260
446
596
728
665
981
350
450
491
718
467
916
320
420
496
608
736
812
833
864
872
912
928
960
961
1014
353
488
496
929
484
675
738
739
742
866
874
931
964
966
995
736
739
928
963
994
293
500
560
644
836
900
960
997
419
501
837
880
934
996
1000
1009
231
238
870
966
103
419
431
568
743
967
170
232
344
348
362
424
425
488
714
960
961
968
997
1004
491
1020
50
488
762
898
971
1016
745
875
891
936
975
420
680
940
1000
397
429
494
970
1021
686
878
783
879
464
560
736
752
944
980
610
611
625
721
787
884
997
374
498
698
919
984
499
873
882
342
445
472
692
956
1013
433
688
709
869
949
1012
732
992
599
251
827
952
1002
940
250
338
752
954
755
863
875
508
801
852
928
971
984
1001
505
1005
246
934
938
639
733
1
2
5
6
10
8
8
8
2
9
4
7
1
8
3
6
8
6
7
10
7
9
3
1
1
7
6
5
8
8
5
2
3
8
3
5
3
8
10
3
10
2
10
2
3
7
4
4
3
2
5
1
3
9
10
9
7
4
8
9
4
2
1
4
7
9
1
3
6
2
6
3
7
6
5
5
9
2
6
6
5
7
1
1
7
3
1
8
10
5
5
4
2
10
3
9
7
7
9
8
10
2
6
3
10
2
8
3
8
3
6
2
10
9
6
2
8
4
8
6
1
4
5
7
4
7
2
1
5
10
6
10
3
8
5
5
2
10
5
1
3
6
9
10
7
5
3
6
10
5
4
3
8
9
4
4
4
10
10
10
8
8
2
3
7
3
4
10
1
5
4
10
7
5
4
8
7
10
6
2
6
3
8
4
5
5
1
1
8
1
3
3
8
10
4
9
5
7
9
7
2
6
7
4
2
4
4
7
8
8
2
3
2
4
9
5
2
10
6
4
3
7
2
10
3
5
7
10
10
8
1
4
2
7
10
1
2
8
6
5
7
10
4
5
5
5
2
2
4
6
9
4
10
1
10
7
2
10
9
10
9
5
6
4
5
3
2
10
1
6
6
2
7
3
10
1
2
6
1
7
7
4
1
5
3
3
6
5
9
5
10
1
9
8
4
9
6
3
4
10
5
1
4
5
7
8
10
9
7
4
6
2
5
3
8
5
2
5
8
7
7
7
9
4
4
1
1
9
10
1
10
9
1
2
9
9
10
5
4
4
4
2
10
7
10
1
8
5
5
5
3
7
5
9
7
5
8
3
4
4
6
6
9
10
5
1
5
10
4
1
4
3
9
7
10
10
8
1
10
7
3
3
8
1
3
6
4
1
5
7
4
10
5
5
1
3
2
7
8
9
8
9
1
6
4
3
10
8
10
5
10
1
6
9
9
1
8
6
1
6
8
8
10
3
6
7
9
1
9
6
1
7
9
8
8
6
10
6
6
3
2
6
6
4
8
4
1
5
7
3
8
1
8
7
4
10
4
9
2
1
1
2
6
7
5
8
2
8
10
1
1
3
9
6
7
7
5
7
6
9
2
1
6
7
10
9
7
1
8
3
9
5
3
6
3
8
7
1
5
10
8
7
3
7
8
7
10
6
10
1
1
10
5
4
6
2
4
6
3
10
3
6
10
10
9
1
9
6
10
3
1
5
2
1
5
9
9
6
7
2
8
9
1
9
6
7
7
2
9
10
1
2
2
9
5
4
1
1
3
4
7
6
5
6
5
9
1
2
1
9
1
4
1
3
5
5
6
10
5
3
2
6
1
10
5
7
4
1
2
1
10
1
4
6
1
9
4
9
9
1
4
4
5
8
5
8
10
7
2
6
8
5
10
6
2
9
4
10
8
6
3
4
7
5
5
8
8
9
1
7
9
8
1
4
9
7
2
9
7
5
1
3
4
2
5
5
3
10
1
10
10
4
3
8
9
8
3
8
1
8
1
6
6
2
4
1
9
5
5
9
3
8
4
9
3
3
3
9
4
5
9
6
4
3
9
8
10
3
1
7
9
5
8
8
2
9
9
2
10
9
4
3
2
7
6
10
8
4
4
7
10
5
9
4
3
8
1
7
4
10
6
1
4
1
6
7
1
10
8
2
4
9
2
9
6
5
2
3
4
2
10
9
3
3
2
7
2
3
9
5
1
6
7
10
1
2
4
5
4
3
2
4
4
9
1
7
4
8
2
5
10
3
8
2
7
2
3
8
10
9
9
2
10
7
3
2
9
5
6
4
3
9
8
5
9
1
2
2
7
9
7
5
4
9
4
2
6
4
4
10
9
7
5
2
10
10
8
4
6
4
6
9
8
1
1
7
5
10
2
1
10
8
6
7
8
3
6
4
8
7
2
6
4
2
3
3
2
6
9
1
6
1
5
9
3
6
3
5
9
9
2
6
2
1
1
7
5
10
2
8
9
8
2
5
2
8
10
2
1
7
5
4
10
8
6
10
6
2
2
4
5
8
7
2
10
8
1
10
9
3
2
3
3
3
8
6
6
7
10
5
1
8
5
1
8
6
6
2
6
8
7
10
9
9
7
4
4
3
4
3
10
4
8
9
5
6
8
2
5
10
5
9
4
5
8
3
10
2
2
6
6
2
10
2
10
1
8
10
10
3
7
4
4
6
4
5
9
9
1
8
1
9
8
6
7
4
5
4
3
5
7
7
1
2
3
5
3
5
4
6
3
7
5
2
9
8
7
10
5
5
1
7
10
7
4
10
1
8
2
3
9
2
2
6
10
2
7
6
7
10
2
9
8
1
10
10
6
8
9
9
1
8
9
10
2
5
7
4
2
8
9
2
1
9
2
4
2
3
8
9
1
6
4
1
2
1
5
7
8
10
8
1
1
8
10
7
6
8
2
4
10
4
3
10
7
6
4
9
7
9
7
3
10
3
10
7
9
10
5
4
9
3
4
10
10
7
8
2
9
10
9
10
7
8
9
6
9
4
6
2
10
8
3
6
3
5
4
2
6
5
8
9
10
5
3
6
4
9
1
10
5
9
5
9
7
2
1
6
4
6
3
5
4
3
4
9
5
6
2
6
8
10
9
10
10
3
9
1
1
5
10
3
8
3
1
2
10
8
3
5
5
3
8
1
7
7
6
5
4
3
3
10
4
9
10
4
4
1
5
4
9
5
10
6
3
4
1
10
8
3
10
7
8
7
3
2
4
1
10
4
3
10
5
10
7
4
3
1
4
4
2
7
10
3
6
3
6
7
5
3
9
5
4
5
10
9
8
1
4
5
2
3
3
4
4
1
5
6
1
1
4
7
9
1
8
1
9
3
2
9
10
3
8
9
6
2
8
3
3
4
3
3
7
1
1
7
3
1
5
2
10
10
4
3
2
4
5
7
8
4
1
10
1
2
1
3
9
4
7
9
6
5
4
2
1
8
1
1
3
2
2
7
2
5
6
7
8
8
9
1
5
7
5
7
9
9
9
6
9
5
3
6
4
4
10
6
1
3
10
6
7
3
7
8
3
4
4
8
10
9
3
9
4
5
5
7
6
5
2
9
1
1
5
9
4
10
10
1
8
5
8
5
8
10
10
8
7
7
9
2
3
1
9
6
6
3
5
7
7
4
10
4
5
4
1
5
3
4
6
10
2
1
6
6
5
7
7
2
2
7
3
9
8
2
10
10
1
3
10
2
9
6
8
5
9
1
6
8
10
6
10
4
6
8
1
1
8
6
8
2
6
1
2
1
10
5
8
3
3
1
6
7
1
10
2
5
1
7
6
9
9
6
2
10
4
6
7
4
10
9
6
6
10
8
8
5
2
8
1
4
6
1
5
1
8
1
9
8
7
3
9
10
9
6
3
3
5
2
6
4
1
7
9
3
8
8
9
9
9
10
7
1
10
4
1
6
5
10
6
2
2
3
7
2
6
3
9
5
6
6
3
3
4
9
7
5
5
6
9
5
5
3
4
2
7
5
5
3
8
5
8
1
7
10
9
4
8
10
4
6
10
4
3
1
2
5
9
9
2
6
7
3
7
3
2
2
10
6
9
9
8
2
8
7
4
1
5
2
8
6
9
5
7
9
2
1
3
5
4
6
4
10
10
7
2
8
8
3
9
3
7
5
4
3
2
9
2
10
5
1
4
4
6
9
3
7
1
9
1
4
10
2
9
1
7
2
2
8
10
1
9
7
9
5
8
2
2
3
3
4
5
4
6
6
8
6
9
10
7
8
1
6
5
3
7
7
9
1
6
2
10
2
7
9
2
3
3
10
1
1
2
2
5
7
7
7
7
4
7
4
4
2
8
5
7
9
3
9
1
10
6
10
4
9
1
3
10
5
10
3
7
9
8
6
3
2
7
3
3
8
4
8
8
10
2
9
3
2
6
5
10
10
5
9
5
4
6
6
10
8
3
7
4
9
4
6
9
4
5
4
4
1
3
1
7
5
2
6
4
5
9
5
10
2
8
1
10
5
5
9
10
2
4
9
10
3
8
8
10
8
10
1
1
2
9
4
5
2
4
10
2
4
4
3
2
7
9
10
9
9
8
8
7
7
2
6
4
4
9
2
1
3
3
6
5
10
3
7
10
3
2
4
10
8
2
10
2
4
8
6
6
2
9
5
6
4
1
6
5
6
7
6
9
2
4
5
1
1
7
3
1
4
3
6
10
2
1
9
4
4
6
9
3
3
4
5
2
8
7
5
3
4
2
1
8
1
1
6
4
5
2
8
7
9
10
8
6
9
7
2
8
6
10
4
3
6
1
1
6
9
7
3
7
9
7
2
3
7
8
5
4
4
7
1
2
3
7
1
6
3
5
1
7
6
1
10
2
3
4
1
3
8
7
5
7
9
5
1
1
5
1
5
1
2
8
4
2
1
10
5
2
3
4
6
9
2
7
10
5
8
3
8
6
8
2
2
7
10
8
2
7
9
2
5
10
4
5
7
4
8
7
6
2
2
9
6
3
8
7
3
6
4
7
10
2
8
1
8
8
9
8
3
10
10
3
8
8
7
10
2
1
1
10
6
5
5
8
1
8
5
3
9
10
2
6
4
4
4
10
2
10
1
9
9
10
5
10
4
6
8
6
10
1
1
4
5
4
2
10
1
7
1
7
9
10
2
2
3
8
9
7
2
5
2
9
5
9
4
10
4
3
3
8
5
4
8
1
4
8
6
10
9
2
1
10
9
2
4
8
8
9
3
10
3
3
7
6
8
7
6
7
3
2
4
6
6
4
1
3
1
9
9
7
6
1
8
10
2
1
9
1
4
4
8
3
2
5
7
1
8
2
2
1
8
6
5
1
5
5
1
7
1
7
9
1
3
2
10
2
1
5
8
5
9
7
7
8
4
1
9
7
3
7
5
10
6
7
10
9
4
9
1
7
10
2
2
6
10
7
2
6
8
10
6
3
9
9
6
10
1
5
10
9
7
6
3
2
8
1
7
6
9
5
5
5
1
8
1
8
2
1
2
6
3
4
8
7
2
2
5
7
8
3
1
8
10
1
10
7
7
7
4
8
2
4
5
5
5
1
8
7
1
5
5
2
4
10
10
3
4
1
8
10
3
1
6
4
8
2
5
5
4
3
5
10
3
5
3
4
8
3
3
1
2
10
6
5
1
10
2
7
7
8
5
7
8
3
9
4
5
5
8
1
9
6
3
2
6
5
8
2
3
8
7
3
9
7
8
10
9
1
4
3
7
8
6
1
2
5
10
5
7
7
3
3
6
1
6
8
5
6
3
2
4
10
10
4
10
3
1
6
3
1
7
9
3
8
2
8
2
2
2
5
1
5
9
6
2
5
6
6
7
10
7
5
5
9
9
1
8
6
5
3
2
7
9
5
8
8
5
5
1
2
7
1
3
2
5
7
8
5
7
4
10
1
9
10
1
4
7
1
2
10
5
9
3
7
5
2
10
5
4
4
9
4
4
5
4
9
8
8
10
5
5
6
1
6
9
6
5
3
8
9
4
7
10
6
8
5
5
6
8
7
1
3
10
4
4
4
8
2
9
8
6
9
1
1
9
5
1
7
2
7
5
1
2
2
2
8
8
7
5
1
7
7
2
5
7
7
3
8
8
5
6
9
8
7
2
1
5
3
4
1
10
4
4
7
9
2
8
2
6
8
7
6
7
10
5
1
10
6
8
10
2
10
9
10
2
9
5
8
3
4
8
6
4
7
10
10
3
10
2
4
2
5
2
3
6
8
9
4
6
10
2
2
10
1
7
10
6
1
2
1
7
4
2
1
7
3
8
1
3
8
1
10
6
9
3
1
5
1
8
4
8
2
5
7
5
5
5
3
1
2
4
7
8
5
10
9
5
8
1
1
3
1
8
6
3
9
1
8
9
10
5
1
6
2
9
3
4
1
9
3
10
4
3
10
4
8
10
6
6
1
5
5
2
1
2
1
4
4
8
9
1
2
7
3
10
3
7
7
1
4
5
10
7
5
10
2
8
10
10
9
9
5
1
10
4
3
1
7
2
8
10
8
2
3
1
3
1
6
10
7
1
9
9
1
8
4
8
1
10
3
1
10
7
3
3
6
4
5
10
9
6
5
2
8
2
7
4
10
4
5
8
9
3
4
7
9
2
1
7
4
2
7
2
6
8
9
9
9
10
4
8
9
4
5
9
6
4
3
5
5
10
10
1
9
7
7
10
7
7
5
5
4
5
1
2
7
10
10
7
5
4
10
4
8
3
5
6
10
1
9
9
7
7
6
2
7
6
2
4
3
8
4
2
4
8
9
10
2
8
5
7
7
9
6
9
10
9
9
9
1
5
7
1
7
7
8
5
10
6
8
8
8
8
6
10
3
5
6
7
9
6
5
8
6
2
7
5
3
3
5
9
8
1
1
1
10
7
3
5
9
5
10
6
10
8
7
6
2
9
3
7
8
6
1
9
10
2
8
6
3
8
1
8
1
7
1
5
2
8
9
8
6
3
8
4
3
7
5
8
7
10
8
8
9
6
8
4
8
2
4
5
4
4
10
10
4
5
9
7
10
4
8
6
8
4
5
5
10
4
4
7
9
4
1
4
2
3
4
8
6
2
3
1
10
3
6
4
9
8
2
3
8
5
7
4
1
3
1
3
3
6
7
2
2
2
2
10
2
6
1
8
6
10
6
6
3
1
8
9
7
6
3
1
2
9
2
10
3
5
8
2
2
3
6
5
4
9
6
9
5
5
2
9
3
4
4
10
4
6
5
9
5
5
6
7
2
2
3
4
7
5
6
8
3
2
5
10
9
8
3
2
4
3
5
2
8
3
3
5
4
6
1
9
5
2
2
1
7
2
6
4
4
5
3
1
3
8
10
7
3
6
7
2
10
9
2
7
9
5
9
9
7
1
6
2
1
9
1
6
5
4
2
1
2
10
3
5
3
2
9
9
3
7
5
3
8
4
2
5
2
1
8
3
9
3
1
5
8
5
1
9
9
1
1
10
10
6
2
8
3
3
3
10
6
8
6
8
7
1
7
4
6
1
9
1
3
9
5
8
2
8
8
7
2
3
7
8
4
4
2
2
9
7
9
3
1
5
1
7
3
3
5
7
1
1
4
8
4
2
9
5
8
7
8
4
4
6
8
3
10
9
5
4
9
6
2
8
8
9
5
2
8
9
4
9
10
1
4
8
3
8
6
3
8
1
9
9
1
2
8
5
1
10
9
9
4
8
10
5
2
3
2
4
4
6
3
7
1
6
4
5
5
9
6
5
9
5
6
2
3
2
8
1
4
1
5
6
2
3
10
3
10
8
8
4
8
6
6
7
8
5
8
6
9
4
1
2
10
7
1
9
3
8
9
9
2
10
10
4
7
5
8
3
8
8
7
2
2
5
5
6
2
1
3
6
1
5
4
3
4
8
1
10
5
10
6
6
4
7
2
5
1
3
8
6
2
4
4
5
10
7
3
6
4
9
9
8
10
1
5
7
7
5
4
2
8
6
10
10
7
7
2
10
2
6
3
8
2
6
3
6
7
7
2
8
4
9
3
7
7
3
4
10
4
5
8
6
5
1
1
2
4
4
5
9
10
10
2
7
6
4
2
3
9
5
10
6
3
3
5
4
2
5
2
6
1
8
4
10
10
4
3
8
1
6
1
8
2
6
3
8
5
7
10
10
7
4
4
7
5
7
2
1
8
3
3
10
2
7
4
2
10
6
6
9
2
7
7
7
2
10
2
9
2
7
3
4
10
9
4
2
10
6
7
4
4
1
3
5
4
4
8
7
7
2
10
6
2
4
4
4
4
8
8
4
6
7
4
8
8
7
9
3
4
7
4
9
8
3
7
1
6
6
6
10
6
9
6
9
1
10
7
5
2
2
3
8
6
2
3
1
2
9
10
9
3
3
2
7
3
9
6
9
6
8
3
4
8
3
1
6
8
6
9
7
5
6
6
2
9
5
2
2
9
3
2
5
5
3
2
7
8
8
1
9
5
3
7
6
3
4
9
5
5
5
3
6
7
2
9
6
5
8
7
10
9
9
1
1
7
6
5
5
7
2
8
5
6
9
7
9
2
10
2
10
2
2
4
6
8
9
8
10
8
3
10
7
9
7
3
1
4
6
5
5
3
6
3
6
3
2
7
3
3
10
10
1
8
5
1
10
8
8
5
10
5
9
9
4
5
5
9
10
10
3
2
8
4
6
6
1
5
7
9
2
6
3
8
5
4
1
4
1
10
6
3
9
5
7
10
4
9
6
6
6
4
4
6
8
3
9
10
1
5
2
8
2
9
10
6
7
10
8
9
7
8
7
7
7
5
1
4
9
5
9
1
3
9
4
9
6
9
6
7
3
4
4
3
3
10
6
10
5
8
6
7
5
7
5
3
1
6
10
9
6
9
10
7
8
8
2
9
8
9
3
4
6
10
8
7
3
7
9
6
6
6
1
9
2
6
5
7
2
6
10
2
10
10
5
9
9
7
6
6
2
6
7
5
10
10
9
1
6
8
10
8
3
6
2
3
10
4
6
7
5
9
7
5
8
9
9
2
10
6
2
5
7
1
6
6
9
7
10
1
2
3
4
8
4
8
8
10
8
2
10
2
9
10
4
4
9
6
3
2
7
8
10
8
4
6
7
10
9
9
4
7
2
2
2
7
2
3
10
6
10
3
8
7
1
2
10
4
10
7
5
7
10
9
9
4
8
3
7
8
9
6
8
2
2
10
6
4
3
5
6
4
3
2
1
9
8
1
4
10
2
1
1
9
3
6
7
6
6
7
7
8
2
2
3
6
5
2
9
5
5
5
9
3
3
7
4
5
6
9
8
5
7
2
5
7
10
3
1
4
8
3
5
7
6
9
2
2
5
7
4
8
10
10
6
10
3
10
8
10
1
5
8
5
9
7
4
8
10
8
3
7
9
5
8
4
4
2
10
3
5
7
3
1
4
8
5
9
3
7
7
2
3
1
10
2
4
4
2
2
10
10
8
6
5
7
3
1
10
3
5
5
10
7
10
4
8
7
10
6
1
7
8
4
6
6
8
2
7
4
6
9
5
9
10
4
2
9
4
4
5
9
1
7
5
3
5
2
1
8
9
7
1
8
10
4
8
8
3
6
9
6
10
8
4
6
9
8
6
6
1
4
6
1
4
5
2
1
6
10
10
6
10
9
5
5
4
6
2
4
10
1
9
5
1
10
2
10
4
1
10
5
3
8
10
5
8
7
2
7
3
5
7
4
4
9
3
5
8
10
6
8
6
3
9
3
3
6
6
10
9
6
7
7
7
4
2
5
5
10
6
1
3
3
9
1
9
4
7
1
9
2
7
6
10
1
9
8
1
4
4
3
4
9
7
10
8
8
3
5
9
2
10
6
1
1
6
3
10
5
9
10
6
2
2
6
1
8
3
7
5
4
6
4
7
10
1
1
9
7
10
1
9
9
7
1
5
1
10
3
10
5
4
10
4
1
10
6
5
6
8
5
9
9
1
9
10
6
7
7
3
9
1
4
8
2
7
7
9
7
9
7
7
7
8
1
7
10
6
5
10
8
4
4
6
8
8
8
1
1
4
2
2
2
7
8
6
10
3
5
8
2
9
6
8
1
10
6
4
10
2
1
4
2
6
7
9
2
7
3
6
7
8
6
7
7
7
2
4
1
7
2
10
8
8
6
10
7
3
4
4
6
4
6
1
6
7
6
1
8
6
6
4
4
2
5
9
8
6
8
1
7
2
2
1
8
1
1
9
6
4
3
2
6
2
8
4
4
4
4
7
1
2
7
3
4
10
1
1
7
10
4
2
3
5
3
2
9
10
8
4
3
1
8
1
3
6
8
1
5
1
10
4
6
2
9
1
6
1
5
10
7
4
10
6
9
10
10
4
2
10
4
4
5
3
10
9
5
10
3
1
9
6
1
4
3
6
10
3
1
4
4
1
2
6
9
7
1
5
7
4
3
6
8
8
1
2
7
6
4
1
9
8
10
10
5
3
7
7
8
5
6
3
9
1
7
6
5
8
7
10
3
5
10
8
7
8
2
8
2
4
10
4
4
9
10
4
8
5
7
6
6
6
3
3
5
5
4
8
9
9
7
3
2
2
4
6
7
2
9
10
4
7
5
5
1
9
4
6
10
1
7
5
10
2
3
10
8
1
9
8
4
6
3
5
9
5
1
3
8
2
9
1
1
6
9
2
6
4
10
5
7
3
3
7
2
3
9
4
9
3
6
2
8
1
4
9
1
7
10
8
5
6
4
4
5
2
3
9
1
6
9
10
6
10
10
4
7
9
5
10
9
4
2
7
7
2
3
4
2
3
6
10
2
10
9
4
2
10
9
6
2
8
10
8
7
6
10
10
10
7
3
8
3
3
7
3
8
6
4
3
1
10
3
6
2
1
8
10
10
4
5
3
7
5
7
5
9
2
4
3
2
6
9
1
4
8
2
6
1
5
2
9
3
4
8
6
7
9
2
1
4
4
5
2
9
1
6
3
4
10
3
10
1
7
4
3
2
7
4
7
10
2
6
5
6
6
2
2
8
9
10
10
10
3
7
6
2
6
6
5
7
1
8
7
8
6
9
2
3
2
2
8
3
2
9
8
5
9
10
2
9
6
8
4
5
2
4
10
2
4
4
8
8
4
8
9
4
2
8
8
9
4
6
9
4
7
8
5
4
3
9
3
10
9
7
6
8
4
3
8
4
2
9
10
5
5
6
3
3
4
6
6
2
3
8
4
2
3
10
7
8
6
3
10
6
10
7
6
4
8
9
9
1
6
5
3
5
2
4
4
6
8
4
3
10
10
3
1
7
1
9
7
7
10
1
5
9
6
9
7
9
8
10
4
8
1
2
5
2
1
3
9
9
3
5
6
4
3
3
4
6
2
4
2
10
3
9
2
7
10
3
9
1
5
4
5
4
6
7
7
2
1
9
6
7
3
8
10
10
10
3
4
4
7
7
5
6
10
2
8
3
6
7
5
5
9
7
1
10
8
1
9
3
5
2
7
10
4
4
5
10
3
2
1
5
6
2
4
10
4
1
4
5
1
5
5
7
10
4
8
2
10
1
4
5
2
1
7
2
5
6
9
6
7
6
9
10
1
9
2
10
1
10
1
8
7
6
5
6
3
7
8
9
9
3
2
9
4
4
7
5
10
6
3
7
8
10
7
7
10
9
6
5
10
8
3
1
6
2
9
6
5
4
10
4
9
10
2
2
5
9
7
5
2
9
8
5
6
6
10
6
3
10
10
6
7
5
7
9
2
6
8
9
2
6
8
8
5
7
4
6
1
1
8
10
8
7
7
1
7
1
5
9
4
2
10
3
7
10
5
5
5
5
6
1
4
4
4
1
1
5
4
5
8
3
4
9
7
7
10
1
2
10
10
9
7
2
7
7
4
7
8
3
5
6
1
3
10
6
3
5
1
3
8
4
5
2
5
7
8
10
8
7
6
8
8
1
8
1
7
8
2
2
9
2
9
2
4
7
6
10
9
3
9
3
9
9
10
10
1
2
3
6
4
6
9
1
8
4
6
3
1
6
4
2
10
1
6
2
9
3
8
3
10
10
9
10
6
7
1
3
4
3
4
1
3
3
10
9
7
3
5
4
9
9
7
2
1
6
10
10
9
1
1
4
4
3
7
10
6
4
6
5
9
3
4
7
4
1
3
7
9
5
5
7
1
5
2
9
8
6
8
10
4
10
9
9
7
1
5
7
3
10
9
4
2
9
2
4
7
1
3
2
10
8
8
7
9
9
5
8
6
8
5
3
5
4
4
5
8
5
2
7
2
3
1
2
4
9
3
2
3
1
2
7
8
5
4
4
9
3
2
4
4
5
2
9
7
4
8
1
1
4
2
4
5
1
3
6
7
10
6
9
5
3
6
5
7
4
3
4
1
8
6
10
4
5
1
4
1
1
2
6
3
8
4
3
5
5
8
9
3
7
2
9
7
8
3
10
7
5
4
8
7
4
9
2
4
4
8
10
2
5
7
1
8
8
1
4
5
1
8
9
2
10
9
4
10
8
6
2
9
1
6
4
8
3
4
7
3
3
3
1
9
10
3
1
2
9
1
9
1
6
4
4
3
5
8
5
5
8
1
10
1
8
1
8
10
2
8
4
2
10
6
2
7
6
8
7
8
8
2
1
9
4
3
7
4
6
6
1
7
10
1
8
9
8
4
1
4
6
3
5
3
10
10
2
7
3
2
7
1
7
8
1
10
7
10
7
10
6
4
5
4
10
8
10
5
6
2
3
1
7
4
4
6
3
2
4
10
5
9
7
5
4
1
7
4
10
2
9
6
7
5
6
2
9
8
9
4
8
7
9
5
5
5
1
7
9
2
5
4
9
7
9
9
2
8
8
1
5
6
7
2
1
1
4
1
5
6
3
9
9
4
9
10
1
5
5
3
9
9
3
2
2
3
7
2
3
4
9
4
5
9
6
7
5
5
3
10
7
7
10
9
5
4
10
5
8
10
5
4
8
4
5
2
1
7
5
3
2
10
4
7
2
2
3
9
6
8
5
10
3
5
7
3
2
6
3
10
1
3
9
4
4
4
5
9
9
3
3
1
5
2
9
7
1
10
3
8
7
10
3
1
10
8
6
5
5
4
5
5
8
6
5
6
2
2
1
4
5
4
9
2
4
6
10
3
1
6
9
7
2
6
5
7
4
6
9
9
6
4
5
1
1
4
6
10
6
8
5
6
5
3
3
3
1
3
3
1
6
4
4
6
3
10
5
5
10
2
10
5
4
4
1
4
4
4
9
4
1
9
2
1
6
9
3
5
1
3
1
6
9
2
8
2
6
6
10
2
1
8
7
2
10
8
1
6
2
8
10
6
2
3
3
9
8
5
3
6
3
10
5
7
7
7
8
6
9
5
5
10
1
1
8
3
5
2
2
2
8
8
5
10
4
3
8
4
5
6
3
2
1
6
8
10
7
9
9
7
3
2
8
8
8
8
4
9
5
7
2
2
8
2
9
9
8
4
9
3
8
2
8
1
7
10
6
7
1
1
6
8
1
5
1
9
9
4
3
6
9
1
7
10
2
5
1
2
3
7
10
2
3
9
7
8
5
5
10
4
1
5
8
8
7
9
9
5
1
4
10
2
9
4
4
10
1
9
1
6
1
1
8
9
4
3
3
7
3
1
4
4
10
10
10
8
3
5
1
4
9
7
5
4
9
3
6
2
10
1
5
9
3
8
6
4
10
5
5
3
4
9
8
2
4
10
8
3
10
8
10
4
10
6
3
6
1
5
6
8
1
1
10
4
6
5
10
7
3
4
8
6
3
8
3
2
6
9
9
7
7
1
9
3
8
7
8
4
8
10
2
3
1
9
5
10
8
9
10
6
8
9
5
1
4
10
9
9
9
10
9
10
10
7
5
3
5
8
1
1
8
9
7
10
3
3
7
8
9
5
2
10
3
8
7
1
9
3
4
1
9
5
5
10
5
5
2
4
9
8
8
4
5
6
5
1
2
7
2
9
7
4
3
8
1
8
7
5
5
10
8
4
5
2
1
1
3
8
7
7
5
6
7
3
9
3
6
7
4
10
5
1
7
10
4
9
9
6
10
3
5
7
4
3
5
10
9
7
10
6
7
6
8
7
1
2
7
8
3
1
9
2
8
7
5
2
10
8
5
7
9
2
4
4
4
9
3
6
10
9
7
2
3
6
10
9
1
8
1
3
1
6
1
1
2
10
4
7
2
1
5
9
3
6
1
2
7
3
1
10
7
1
6
8
10
5
1
10
10
9
3
6
8
1
6
4
10
6
7
4
5
5
8
10
10
1
2
10
4
8
10
5
10
2
5
10
7
2
8
2
4
7
7
6
2
5
10
2
1
10
10
7
3
6
1
10
3
3
8
7
9
5
1
6
3
6
5
10
10
6
6
5
5
9
5
8
5
4
4
5
7
3
4
10
9
9
5
3
7
9
5
6
2
9
4
6
4
5
2
3
4
2
5
4
8
1
5
3
9
10
7
2
7
5
1
10
9
9
7
2
5
10
6
3
1
5
8
7
2
3
1
4
9
4
7
5
4
9
3
10
1
7
6
1
5
10
3
2
2
8
3
7
10
4
2
9
2
3
8
4
2
1
1
3
5
7
8
3
7
8
3
9
10
6
10
3
1
7
6
7
4
4
9
6
2
8
5
1
1
9
6
6
7
4
3
5
8
7
1
6
4
3
5
6
5
1
1
6
8
5
6
7
8
1
9
10
10
2
7
4
6
5
5
5
6
9
4
6
3
8
7
5
10
8
2
4
3
8
3
3
10
8
8
2
10
10
7
4
1
10
3
2
8
7
7
1
1
4
2
2
2
5
1
6
10
6
1
9
5
4
10
9
1
8
10
1
5
7
8
9
3
10
1
5
8
9
10
8
5
2
7
5
2
9
1
8
6
3
7
2
10
10
9
7
10
7
5
8
9
4
5
3
5
5
4
1
7
10
2
1
6
4
2
7
10
5
2
6
2
7
3
6
3
4
2
1
10
1
1
5
9
8
4
4
7
10
9
4
6
2
8
9
4
6
5
9
3
10
3
1
10
9
3
8
2
4
7
3
5
1
1
9
2
1
5
1
7
4
8
9
4
10
4
8
8
5
1
2
3
7
1
7
5
5
8
3
8
2
1
3
5
8
6
9
5
1
7
1
9
5
9
8
7
3
3
9
7
1
1
6
3
5
7
7
7
7
2
5
10
5
1
4
8
9
9
4
1
3
3
5
3
6
4
9
9
1
4
1
6
4
1
2
9
8
5
5
9
2
4
7
4
1
9
10
3
5
10
5
5
1
9
5
4
10
10
6
2
2
8
5
2
1
5
10
4
1
3
9
8
1
1
6
6
4
9
1
3
8
3
4
3
5
4
5
4
3
3
10
3
2
1
7
7
2
10
2
4
3
1
8
7
7
10
8
6
5
7
7
9
10
7
2
9
9
10
6
10
3
6
9
9
1
4
3
2
4
4
2
1
9
7
8
5
9
8
1
10
2
5
7
1
9
4
1
7
10
4
6
7
5
10
6
5
8
3
8
5
10
9
1
8
2
5
5
7
2
1
1
2
2
3
3
6
10
1
7
7
7
8
10
1
8
8
9
1
2
7
8
7
1
10
10
8
4
2
3
6
7
7
3
10
4
6
1
10
8
5
2
6
5
7
1
7
7
8
9
7
2
9
8
7
4
8
8
8
10
1
4
8
10
6
7
2
1
8
8
5
9
5
7
10
5
6
7
2
7
6
9
4
3
3
8
1
8
3
6
6
5
6
5
7
8
5
1
3
3
7
1
9
1
2
7
10
10
9
9
7
6
6
10
4
3
6
7
5
6
9
2
8
5
10
4
10
5
4
2
9
9
1
1
3
6
8
9
3
7
4
7
4
1
10
5
6
3
8
8
6
9
10
6
4
9
5
10
3
9
8
10
1
1
2
4
8
1
2
10
9
8
7
5
1
1
9
5
8
7
4
10
10
8
8
6
1
7
4
9
7
4
4
5
7
7
5
3
5
1
8
4
6
7
3
7
5
10
10
5
10
8
6
3
7
1
2
1
1
5
6
8
6
4
7
6
7
2
2
8
7
10
8
7
3
8
9
6
3
2
9
7
6
7
9
10
1
5
10
10
9
9
3
3
5
7
8
5
9
2
4
10
9
5
6
1
3
2
6
4
1
8
9
9
2
8
1
6
10
2
3
10
5
2
7
2
6
5
10
5
2
3
4
9
9
8
3
6
1
5
4
1
4
8
7
4
5
6
9
4
9
5
1
3
9
10
1
8
9
7
5
4
7
7
9
10
9
5
4
2
10
9
10
7
3
3
10
3
8
6
2
4
9
5
10
1
9
8
6
7
6
8
5
9
4
3
3
5
10
3
6
10
6
5
10
3
9
7
8
7
1
2
5
9
1
1
3
4
9
2
10
7
6
3
3
4
2
7
1
6
3
3
8
9
1
7
10
6
5
10
6
5
5
2
7
9
3
1
7
9
1
9
5
7
3
9
3
6
3
7
2
7
1
4
4
9
7
8
3
7
6
5
5
3
6
7
4
9
1
7
9
3
1
3
8
1
10
6
6
8
10
9
7
2
3
4
8
1
10
10
6
10
4
4
5
5
7
4
10
2
6
4
3
6
4
9
9
10
4
9
10
2
7
7
3
2
2
4
9
8
1
4
1
8
10
10
1
4
7
5
9
2
1
4
2
9
8
2
10
1
9
7
7
9
3
5
10
1
3
10
6
9
5
1
10
2
8
5
5
8
3
1
3
1
2
4
8
5
3
2
5
10
1
7
8
5
8
5
4
6
7
4
10
1
7
2
9
8
2
4
2
3
6
5
2
1
9
3
1
9
10
10
1
4
1
7
2
8
8
3
2
2
6
7
10
5
6
9
9
7
7
3
3
3
9
10
6
5
5
1
3
6
1
8
5
2
2
1
3
4
4
7
10
6
1
4
1
3
5
8
9
1
10
2
6
9
2
8
7
2
4
8
6
3
10
7
9
9
9
9
1
6
8
3
2
8
5
10
2
3
3
9
4
4
3
2
5
2
2
2
2
8
2
6
3
7
2
7
5
2
10
4
10
2
4
8
3
7
8
10
6
9
6
6
5
4
1
6
10
4
7
4
5
1
3
8
9
3
6
1
6
9
7
4
9
6
5
4
9
7
10
4
7
9
1
10
7
4
1
6
8
1
4
1
4
1
4
6
10
6
8
8
1
2
4
7
9
7
10
10
2
8
8
3
7
10
7
4
1
3
3
4
10
2
6
3
7
2
4
4
2
5
4
3
1
10
6
8
10
1
4
3
6
10
9
7
4
6
3
2
1
8
5
8
9
1
6
7
6
9
8
1
10
8
2
6
1
10
6
2
10
3
10
3
2
6
10
6
4
6
5
7
2
6
4
10
10
2
7
6
3
2
9
5
5
10
10
4
3
7
8
2
3
4
8
4
6
10
10
10
5
10
9
7
4
6
10
1
2
4
5
5
1
3
8
3
8
4
1
10
7
3
9
1
2
7
10
9
9
7
1
1
8
8
7
8
8
6
7
7
7
2
2
9
9
7
7
4
4
6
4
2
10
5
7
8
7
9
2
7
4
5
8
2
10
9
5
2
8
2
2
9
1
10
4
8
3
7
2
2
1
2
2
8
1
7
10
3
8
1
7
9
6
3
8
2
4
7
10
7
7
7
2
10
2
2
4
3
9
6
6
3
6
7
5
6
1
1
5
9
9
10
5
2
4
1
10
5
10
6
4
2
1
5
1
3
7
7
3
1
10
2
2
9
1
5
8
5
5
7
9
4
1
9
7
4
1
5
7
1
3
4
5
7
5
2
6
7
7
5
4
5
6
4
3
6
7
5
2
2
4
8
8
5
1
5
7
10
8
9
8
4
6
4
2
6
1
6
9
10
3
7
7
9
7
4
9
2
8
5
7
1
4
1
3
9
7
9
3
10
9
5
10
9
3
2
2
8
3
8
5
10
1
5
2
3
2
2
9
4
2
5
9
8
4
10
10
5
3
4
9
9
10
10
8
10
6
4
2
5
9
3
4
2
10
10
5
5
10
7
2
5
10
2
8
3
7
10
6
2
4
5
9
1
2
2
7
4
9
9
7
3
9
5
4
9
3
7
4
7
10
7
6
3
7
6
1
9
4
6
10
9
3
6
10
9
10
5
8
7
4
1
6
4
5
10
4
2
3
5
2
10
9
8
10
9
9
1
3
10
4
6
5
3
5
7
8
3
8
3
9
9
9
9
6
6
10
6
1
7
2
4
1
1
3
10
8
4
3
9
3
4
1
9
9
9
5
9
5
9
5
5
3
6
8
8
3
8
2
3
5
5
4
6
9
8
7
8
10
6
5
8
4
10
10
6
8
7
10
9
1
8
2
10
4
1
1
8
2
8
3
8
10
6
6
10
10
2
7
7
6
8
4
2
10
8
7
4
5
2
9
4
5
10
4
2
8
8
9
3
5
1
6
9
8
5
2
9
10
10
7
10
3
9
1
2
6
5
6
5
6
4
3
9
2
4
9
9
7
8
10
4
2
2
7
2
6
5
10
4
9
9
8
9
8
5
3
10
3
6
8
2
3
1
1
9
1
10
7
5
3
2
8
3
7
9
7
8
6
7
4
7
6
1
10
9
10
10
8
6
5
7
2
6
5
2
9
2
8
2
6
9
9
1
4
8
4
2
9
6
4
7
10
3
10
10
7
10
2
10
9
6
8
5
10
1
5
6
6
4
1
4
4
1
7
7
4
7
10
9
1
2
7
7
8
6
2
1
1
9
3
1
3
3
2
4
5
10
5
1
5
5
5
5
8
10
7
4
3
8
5
9
6
5
4
8
10
7
4
1
4
9
8
4
5
10
2
5
6
7
2
3
5
8
2
6
9
8
8
7
3
9
8
7
6
10
3
2
4
9
9
8
5
5
9
7
2
2
10
6
4
7
7
8
7
8
9
9
1
7
3
10
9
3
10
1
4
7
4
8
10
7
1
2
2
4
7
1
10
6
9
7
9
7
1
5
7
6
9
5
6
7
5
6
10
9
9
3
2
7
3
6
2
7
8
1
8
4
8
4
7
1
9
5
2
7
6
9
2
9
10
10
4
2
5
10
1
9
6
3
10
10
9
10
5
5
5
4
5
10
5
10
8
3
4
5
10
5
1
5
1
3
8
10
1
8
10
6
1
6
4
6
8
8
5
2
4
7
5
8
7
9
9
3
6
5
2
5
6
3
9
3
5
9
9
4
7
8
7
5
1
9
6
3
2
9
9
7
7
9
9
4
3
7
9
3
10
10
7
5
9
1
9
2
7
8
3
8
4
10
1
10
7
7
9
7
6
4
7
6
8
3
9
2
7
8
4
7
6
9
2
8
10
1
7
3
5
3
7
8
4
9
8
9
8
7
9
7
2
10
7
2
6
7
5
4
5
7
9
6
5
4
2
10
7
5
4
4
7
7
6
7
3
4
2
8
2
1
7
4
5
5
8
8
7
9
7
2
8
2
10
7
6
8
10
3
7
2
9
2
5
10
4
1
7
1
9
3
3
5
7
6
5
10
1
10
1
9
10
9
10
6
3
4
1
10
4
2
7
6
10
4
7
9
4
1
7
2
1
9
2
8
6
9
8
5
8
1
9
2
4
7
5
9
9
6
10
9
4
6
1
8
6
7
2
4
1
7
2
5
1
1
9
10
4
7
3
9
1
4
3
6
2
4
9
7
9
1
8
7
9
1
6
1
6
9
7
6
6
3
8
1
3
4
9
4
2
9
4
9
6
9
9
7
10
1
8
2
5
7
4
7
9
7
2
5
2
9
4
9
1
4
7
8
2
7
6
1
4
7
2
5
4
5
8
7
1
7
9
4
10
4
10
7
2
2
10
1
7
1
4
9
5
9
2
3
5
2
10
9
10
6
4
3
1
8
2
8
6
9
5
5
3
9
4
6
1
2
1
5
8
6
5
4
8
7
4
5
5
6
4
6
10
7
2
3
1
8
5
3
5
4
10
8
4
5
2
2
1
1
3
6
1
10
10
7
10
7
9
7
5
4
10
3
4
6
2
1
2
1
8
10
8
9
5
10
6
9
2
1
2
2
9
8
7
5
4
9
6
7
9
7
7
8
1
6
5
10
8
5
9
5
3
9
1
2
3
9
4
8
5
6
8
6
3
6
10
1
1
5
3
1
6
1
1
5
6
10
9
8
2
7
5
4
10
2
7
9
5
3
1
3
7
4
8
7
3
4
5
6
8
2
6
2
7
7
6
10
10
7
3
6
10
5
1
2
8
6
6
7
6
9
7
6
7
2
9
4
5
9
10
9
2
6
3
3
3
8
3
2
4
7
5
8
2
9
8
7
10
6
10
3
10
2
9
4
8
4
7
2
10
4
8
1
1
3
3
9
9
3
5
10
7
2
3
10
6
3
5
2
8
6
4
3
8
5
10
7
3
6
7
8
7
10
10
2
9
7
7
2
1
9
5
10
6
3
3
8
10
1
9
9
9
6
5
6
10
7
7
4
1
10
4
10
3
5
6
6
10
10
10
2
10
9
6
7
4
5
7
2
4
3
4
1
6
9
10
5
1
4
7
6
5
5
7
9
2
7
8
1
3
2
6
7
7
3
7
1
1
1
9
6
4
7
2
7
2
4
5
7
2
7
9
4
5
5
4
9
10
9
10
7
6
5
6
2
8
9
2
9
2
4
5
2
10
5
5
8
4
2
4
3
1
1
4
5
7
8
2
2
9
1
1
3
2
3
6
1
5
6
1
7
3
10
6
8
4
3
6
4
6
10
3
3
6
1
5
10
5
2
9
4
3
8
10
3
9
8
4
10
9
9
5
3
5
2
8
9
2
7
3
10
8
7
10
1
3
8
6
9
5
7
4
9
7
1
7
2
1
7
4
4
6
7
3
1
3
6
9
1
6
5
10
4
1
9
5
4
7
7
5
3
5
9
8
7
10
5
5
2
7
6
10
10
10
5
7
7
9
7
4
9
6
8
10
8
1
9
5
2
6
1
5
1
4
9
1
2
8
7
9
6
2
2
1
1
8
3
10
7
3
8
8
10
8
8
7
10
7
3
4
4
8
5
2
6
10
10
4
9
3
3
3
7
3
4
2
4
10
5
5
9
7
3
6
10
4
5
5
10
1
5
5
8
8
7
8
6
4
5
3
3
5
2
4
3
4
9
5
6
4
3
10
8
1
1
4
5
2
4
8
9
6
2
2
3
5
3
8
2
8
8
9
1
5
8
8
1
2
6
1
4
10
9
7
8
6
5
7
7
10
5
9
6
2
8
5
8
10
4
5
5
8
4
3
8
10
7
5
10
8
2
10
1
5
7
9
9
8
6
3
7
4
3
9
1
5
5
2
3
3
7
7
1
8
4
6
1
7
4
5
8
8
9
8
5
6
10
5
2
3
7
2
4
3
5
10
3
10
2
9
10
7
5
10
8
2
3
7
5
7
9
1
2
1
6
9
4
2
2
4
3
8
7
7
4
9
9
5
10
4
10
7
8
3
7
4
8
2
6
5
8
9
6
9
5
8
10
10
4
6
6
3
8
5
5
9
7
8
4
1
5
2
4
2
8
9
5
5
7
2
8
2
1
6
2
3
7
3
1
4
6
1
7
2
4
9
3
1
9
6
2
2
6
8
9
10
6
10
5
1
3
8
6
9
5
2
8
6
8
2
6
3
1
8
6
2
6
5
4
7
7
7
4
2
6
2
9
9
1
4
2
7
9
7
1
2
1
10
8
10
3
10
8
3
6
10
5
7
1
4
1
1
10
6
2
6
2
1
2
9
9
8
10
6
8
5
6
10
10
6
6
3
8
5
10
6
5
7
9
1
9
6
9
4
2
2
5
1
7
1
6
10
7
9
7
10
3
1
2
9
3
2
1
3
5
6
8
9
10
7
8
6
3
6
6
1
9
6
8
4
9
5
8
10
6
10
10
5
1
5
4
2
4
8
5
7
10
9
7
1
1
3
8
5
10
8
9
7
5
7
2
8
3
6
2
9
5
5
1
9
8
7
5
6
8
10
3
1
8
6
5
7
6
3
10
8
8
6
6
2
6
5
3
8
6
3
5
10
9
5
1
1
3
6
8
7
4
8
3
5
10
2
2
5
4
3
2
5
5
2
5
4
8
6
1
4
8
2
5
10
2
10
10
7
4
10
2
5
2
6
8
7
9
3
7
4
7
3
5
3
7
3
7
7
7
7
8
9
3
1
8
3
9
3
9
7
5
6
10
3
5
10
8
8
8
3
8
3
10
4
8
7
1
2
10
10
1
7
9
6
10
7
7
1
4
7
5
8
10
6
8
7
9
8
4
3
7
5
1
3
6
8
1
6
2
5
5
6
3
6
3
2
5
6
7
2
4
6
10
6
2
2
7
5
8
8
3
2
2
10
4
10
2
9
1
2
4
1
1
3
2
7
8
5
5
4
9
5
7
6
10
2
2
6
3
7
2
8
7
1
4
9
5
4
10
4
8
2
1
9
9
1
7
9
2
1
2
5
1
1
1
10
1
4
1
2
10
4
8
2
9
8
4
3
8
5
7
4
1
6
8
5
1
1
1
5
3
1
10
10
6
3
5
9
10
3
3
1
10
9
7
7
3
1
6
10
4
1
7
7
4
5
10
5
8
3
9
10
1
7
10
4
6
9
8
5
4
2
5
3
1
8
6
3
3
10
6
9
7
8
6
9
5
9
2
1
3
9
7
8
7
5
10
7
2
3
8
5
3
10
10
9
7
1
10
6
10
1
10
8
1
10
8
1
9
7
10
9
9
6
5
6
6
5
3
4
10
2
8
5
2
4
9
8
3
10
2
3
1
6
8
5
9
5
3
1
10
7
8
6
10
10
8
8
9
3
3
9
5
6
10
4
6
9
4
2
2
8
5
4
10
9
6
3
3
2
9
5
2
1
6
6
2
2
7
6
5
5
10
4
4
6
1
10
1
6
5
8
2
9
4
8
4
10
8
3
10
2
10
5
9
2
8
5
2
10
4
9
9
6
5
10
5
3
3
8
3
9
4
6
5
3
9
1
1
10
10
6
2
3
9
10
9
9
7
5
2
6
1
5
5
4
6
4
3
5
10
4
7
6
5
5
3
1
2
9
7
8
5
10
1
5
9
4
1
2
4
4
4
10
6
10
7
3
5
9
6
9
9
9
3
8
5
8
3
9
2
1
2
1
5
7
9
1
5
6
1
3
2
7
1
2
5
1
4
3
8
10
1
8
5
1
8
9
6
1
8
4
10
7
10
6
2
6
10
10
7
2
8
5
1
6
10
2
2
4
3
1
5
7
5
4
3
1
1
10
7
3
10
3
6
4
10
1
10
7
2
1
3
4
1
4
7
4
10
9
4
8
7
4
10
1
7
6
6
7
4
9
8
9
5
10
4
1
9
10
4
3
9
8
3
4
2
10
2
3
4
1
8
3
3
9
3
2
6
3
10
5
5
6
3
4
9
6
5
9
7
4
4
5
8
5
6
8
2
9
6
2
6
7
4
9
2
10
10
8
9
8
10
6
8
1
7
5
10
10
1
1
7
9
9
4
4
7
8
1
5
6
6
3
8
8
10
9
9
1
10
7
5
8
1
6
1
5
7
2
4
9
4
8
2
1
1
2
10
3
8
1
8
1
10
2
1
10
8
2
9
4
6
5
9
7
6
10
4
5
5
6
9
7
4
2
2
5
9
1
7
6
5
3
9
5
10
6
4
7
10
3
9
2
7
3
7
5
5
9
1
4
1
9
2
1
4
1
1
10
8
10
1
3
4
5
6
1
5
1
8
3
5
5
9
6
6
3
10
10
10
10
7
1
6
10
4
8
6
2
9
2
2
10
5
9
1
3
5
4
5
6
7
8
2
6
1
4
6
6
7
1
2
10
5
8
7
8
1
4
2
6
9
9
9
4
8
3
7
5
3
5
8
5
9
2
6
7
3
3
4
5
6
10
5
5
6
2
8
7
5
4
10
5
9
9
2
7
1
4
10
3
3
6
8
8
6
10
4
9
10
1
4
4
5
7
10
9
10
5
10
9
9
3
6
7
5
9
5
5
10
6
4
10
1
5
8
10
5
7
1
7
4
10
7
3
9
9
7
5
9
6
8
5
1
7
6
6
3
3
5
9
5
8
3
8
5
8
10
3
9
4
10
10
10
1
9
1
1
2
7
9
6
4
2
10
3
6
2
6
8
1
10
2
7
3
9
4
4
9
3
4
7
8
4
6
5
1
5
1
7
10
7
1
5
10
8
2
8
1
1
5
7
8
7
5
5
6
4
5
5
7
4
10
3
5
1
7
4
7
4
8
7
6
2
3
6
5
8
7
1
9
4
3
3
10
1
1
10
7
2
9
9
5
3
2
7
5
1
9
10
2
9
8
6
8
2
1
5
9
3
2
7
2
1
7
3
5
7
6
5
3
10
3
8
2
1
9
1
8
2
3
9
6
9
10
7
6
5
5
7
7
1
9
4
1
7
4
8
1
8
8
10
3
3
7
6
1
7
1
4
6
7
7
7
7
3
7
5
2
5
1
5
8
7
8
10
6
2
10
10
9
9
9
8
9
2
1
4
5
5
4
4
7
7
3
9
7
9
10
7
8
4
10
10
2
8
4
3
10
4
9
9
8
5
6
10
7
1
4
8
3
4
10
3
8
2
8
9
10
10
3
1
4
9
4
2
3
9
8
6
8
1
8
2
10
4
2
9
4
6
4
10
8
6
4
8
1
6
10
2
9
1
7
6
1
8
8
3
5
4
7
6
3
3
2
6
8
8
4
7
2
10
4
1
1
7
2
7
8
4
1
4
8
4
3
1
2
1
4
4
8
4
5
6
5
7
8
8
9
8
6
6
6
9
9
1
6
6
9
1
10
5
5
3
6
10
10
6
1
8
6
9
5
4
5
7
2
8
2
7
8
3
7
6
3
10
6
4
5
4
8
4
8
8
2
1
7
5
9
1
9
6
3
4
7
6
5
10
3
8
2
10
7
6
4
5
1
4
3
10
7
8
6
8
10
7
8
10
7
8
1
1
6
3
10
5
7
7
6
10
10
1
4
10
9
6
5
7
7
6
4
1
5
2
8
1
4
6
2
3
9
6
8
7
5
1
2
10
3
3
2
4
3
5
8
6
1
4
10
8
10
8
1
3
6
3
10
5
2
8
6
5
7
5
9
3
10
3
10
7
3
5
7
3
1
5
2
9
4
5
7
4
3
1
4
7
1
7
9
8
8
8
10
3
1
1
4
2
8
2
7
2
1
5
6
9
10
1
7
10
6
1
3
10
6
7
4
6
1
1
6
6
9
9
8
10
2
4
4
8
2
10
5
6
4
3
9
1
1
5
5
3
3
5
10
6
6
3
3
2
7
9
3
9
4
10
8
2
8
1
9
2
6
1
7
9
6
8
3
9
9
4
8
8
3
5
7
9
9
1
8
3
8
10
2
10
5
8
3
4
4
7
10
2
3
4
10
10
9
9
1
9
4
2
7
5
6
5
6
6
6
9
3
2
1
7
5
7
1
3
10
5
6
8
6
4
5
10
8
2
5
1
9
1
2
6
3
1
4
10
5
1
1
2
6
4
9
1
1
2
1
5
2
5
4
7
2
6
10
10
2
5
5
4
7
5
4
5
7
5
9
4
1
1
9
9
9
2
1
9
1
3
5
6
1
9
2
2
9
3
5
7
4
7
6
5
3
3
1
7
5
6
6
8
3
7
7
6
10
8
10
4
8
5
6
5
6
9
9
6
6
5
8
2
5
4
10
9
2
9
4
10
2
6
1
3
5
5
2
6
6
4
8
7
3
1
5
4
4
9
7
10
1
8
9
10
1
4
6
6
1
5
7
2
8
6
3
1
6
2
3
5
1
3
6
2
9
5
7
10
2
5
5
8
10
8
1
2
5
10
6
8
6
5
5
1
10
4
10
5
10
10
1
1
1
7
4
2
5
1
5
6
8
3
1
7
4
5
6
8
2
7
3
4
2
2
5
10
8
8
5
3
6
10
5
1
2
10
8
9
7
6
4
6
9
6
8
4
10
2
10
1
9
5
1
4
7
1
4
2
4
9
7
4
4
2
7
8
7
7
5
4
4
9
8
1
2
8
4
3
1
4
3
1
10
9
6
3
7
9
5
8
8
9
3
7
10
2
9
9
9
7
2
5
9
7
6
3
7
5
1
5
8
4
8
2
6
5
6
7
7
7
1
7
7
7
6
9
5
7
7
1
3
4
4
2
3
3
2
9
9
1
6
1
2
9
1
2
5
6
4
10
4
5
6
5
6
7
7
5
5
5
2
2
1
5
6
8
6
2
2
4
6
9
1
8
7
10
9
4
4
1
4
3
1
3
5
10
10
6
2
2
7
2
7
4
5
1
10
6
6
8
8
2
8
9
4
10
10
9
3
4
9
2
3
1
5
5
2
2
2
8
4
6
10
9
2
3
9
3
10
8
2
4
5
10
4
2
8
6
4
5
2
7
2
7
1
7
4
2
4
8
4
6
6
7
3
8
3
9
7
1
5
7
9
5
3
6
2
1
5
7
1
9
7
5
3
7
9
3
7
5
1
3
4
4
2
1
2
2
5
8
3
10
7
1
3
8
8
1
10
1
4
1
10
8
3
1
7
2
7
8
1
2
10
7
3
9
1
8
6
5
7
5
10
2
2
7
8
4
8
1
2
6
5
2
9
3
3
6
1
9
2
1
10
5
2
6
3
9
6
1
7
5
9
9
9
2
9
10
7
8
6
10
1
10
9
1
2
7
9
10
5
6
9
3
5
4
8
10
5
1
6
4
9
5
3
10
1
2
6
3
7
5
2
6
5
1
1
7
4
2
6
10
8
9
8
2
8
5
9
6
9
7
2
8
2
6
9
2
8
4
3
8
2
1
6
8
2
7
7
2
3
2
5
9
8
7
10
10
7
9
7
2
6
1
1
5
7
1
10
10
3
9
9
1
3
3
8
6
5
9
6
2
6
9
4
10
10
9
10
8
7
5
9
5
4
1
3
2
6
7
10
1
9
3
9
6
4
2
5
10
6
2
10
1
2
10
1
10
2
1
4
9
5
2
6
8
5
3
10
10
8
3
8
2
9
5
10
3
7
8
1
1
10
9
9
10
7
8
3
10
6
3
1
1
9
8
1
7
5
3
9
3
2
6
7
9
3
2
3
5
2
5
6
2
8
10
10
8
9
5
9
8
1
3
5
9
10
5
1
10
2
9
7
8
7
10
7
7
3
5
4
8
3
10
2
8
2
4
10
8
3
3
4
6
7
7
1
9
5
8
9
4
8
8
4
4
8
2
10
8
9
5
6
2
2
8
6
8
4
3
10
4
5
1
9
5
2
1
10
9
4
7
1
1
4
10
2
10
8
8
4
9
1
7
9
1
5
9
7
4
8
4
6
7
4
5
4
6
2
9
9
8
3
9
10
1
1
4
9
2
9
10
9
3
7
1
3
1
9
9
4
4
8
9
2
9
6
10
10
4
3
7
4
8
2
8
2
7
1
4
8
1
2
9
2
6
2
8
5
3
4
1
1
3
2
2
2
8
3
8
9
6
2
9
4
3
3
2
2
9
9
7
6
9
8
7
7
1
7
9
3
8
4
4
2
7
5
5
7
9
7
7
4
2
5
8
10
10
9
4
4
6
1
2
4
9
2
5
8
3
3
6
9
8
4
10
6
5
6
1
1
8
7
9
10
10
9
10
6
9
5
8
2
9
7
6
7
2
5
5
9
4
8
1
5
2
3
6
3
1
2
4
5
2
8
3
1
10
6
5
4
8
2
5
4
4
2
4
7
9
1
4
9
4
10
1
7
10
5
6
9
9
3
10
9
9
10
2
7
5
4
3
5
4
8
1
6
6
2
4
5
1
3
3
6
8
7
9
9
4
10
2
5
9
1
1
5
7
8
8
9
7
4
2
1
7
2
8
4
4
10
7
6
1
7
7
10
6
9
7
7
5
8
10
3
1
1
9
2
7
5
3
5
3
5
6
4
9
2
2
4
10
7
9
4
5
8
7
2
8
2
7
3
4
3
7
9
10
4
6
2
7
9
9
3
2
1
6
5
8
8
4
10
1
3
8
6
8
5
9
9
6
4
1
9
6
3
10
3
3
9
6
2
8
7
5
1
7
1
4
3
8
10
6
6
4
1
8
6
6
4
7
2
1
10
3
10
5
5
6
3
3
5
3
8
10
8
6
1
6
1
10
10
8
10
2
7
6
3
10
5
6
8
10
2
2
10
3
10
2
3
10
8
3
1
5
10
6
10
9
9
7
7
10
7
6
8
1
8
7
5
8
1
9
3
5
1
8
2
6
3
4
5
6
6
7
7
7
7
5
3
7
8
10
1
3
5
1
1
6
6
9
5
7
9
6
9
9
7
7
2
6
4
2
9
8
3
9
10
6
10
7
5
3
5
10
10
4
7
7
9
2
4
1
1
8
6
6
3
3
4
5
4
4
1
4
5
2
7
10
7
8
10
7
5
4
3
9
1
2
3
1
1
1
2
8
10
5
6
7
5
9
10
2
6
9
6
2
5
5
4
5
9
1
3
10
3
9
6
10
7
9
9
9
6
7
5
5
2
8
1
8
1
3
2
4
3
9
8
1
6
4
1
8
9
2
4
2
2
1
8
8
2
7
1
10
10
6
1
8
7
8
10
9
5
1
5
10
8
4
10
1
4
6
8
2
5
7
10
5
6
2
8
2
8
1
9
4
6
7
5
7
9
7
2
6
10
10
1
3
6
2
10
5
8
9
3
7
9
7
1
10
8
8
4
4
5
10
10
9
6
2
4
1
4
1
3
5
5
1
6
6
2
1
1
2
6
9
10
10
5
9
7
7
1
10
6
6
9
8
3
4
10
3
6
4
8
1
3
5
4
10
7
8
1
1
9
10
10
8
9
5
8
2
10
4
6
8
5
2
7
4
7
9
1
1
3
9
7
1
5
5
4
10
2
1
9
8
4
2
1
6
8
10
2
10
6
8
9
4
3
4
7
10
8
7
10
9
7
4
1
8
3
6
6
6
1
6
6
10
10
4
9
7
5
1
9
8
1
6
1
4
10
8
4
6
1
7
6
4
3
9
9
9
10
7
10
3
5
9
10
6
10
8
9
4
1
4
7
10
9
6
7
7
10
1
4
8
4
6
3
2
3
5
8
3
4
4
1
10
4
2
7
10
10
2
8
7
2
7
1
7
7
8
8
7
3
8
4
8
3
5
2
2
4
5
10
5
10
3
10
6
7
7
3
10
4
9
4
10
10
2
9
5
6
9
9
9
4
4
6
8
9
6
4
4
10
4
4
5
4
2
3
1
5
2
1
2
2
5
6
5
8
10
9
1
3
5
1
10
8
1
6
6
3
4
6
6
1
8
10
1
2
3
7
9
1
4
9
6
8
7
8
7
6
8
7
5
6
3
3
8
6
4
8
5
3
3
4
2
1
5
5
2
6
7
4
8
10
8
3
9
9
1
7
2
1
8
4
1
3
1
1
1
2
4
2
3
9
2
5
1
7
5
1
7
9
1
10
5
6
4
9
10
8
6
10
6
3
5
7
7
4
6
5
3
7
1
4
2
9
10
6
5
2
2
9
9
5
9
9
8
1
8
5
9
5
1
6
7
7
7
8
7
9
3
4
4
3
5
7
3
7
7
7
1
4
9
5
3
1
8
10
1
9
10
5
5
4
8
3
10
6
6
9
1
6
1
10
8
1
9
8
2
4
9
7
10
1
1
5
1
4
2
1
5
1
5
9
9
1
7
10
9
1
7
9
6
10
1
8
4
5
3
7
6
9
3
1
1
7
8
4
3
9
7
7
8
6
4
8
5
1
8
8
4
8
7
3
5
5
5
2
2
9
7
10
3
2
5
2
7
10
1
6
3
9
6
8
6
1
5
8
6
4
5
5
9
10
5
6
9
3
7
4
5
2
1
6
10
3
4
3
4
8
2
8
5
6
9
9
6
9
6
10
8
4
1
1
1
7
2
8
5
5
3
9
10
2
3
2
6
8
3
6
5
10
8
2
5
7
1
4
1
4
9
8
7
5
5
10
9
1
8
10
1
9
8
3
6
2
5
8
6
5
2
9
6
3
6
6
10
8
1
8
1
4
7
8
9
4
4
10
3
5
4
4
2
5
4
7
6
4
8
5
9
1
2
7
5
7
6
3
5
6
2
2
9
6
8
7
3
7
6
8
9
1
5
5
7
2
8
9
2
9
4
6
2
4
9
8
7
5
8
4
7
4
4
5
7
8
4
9
9
10
4
3
7
8
7
8
10
4
10
6
3
6
4
8
9
2
2
10
10
9
2
4
3
10
5
3
7
6
9
5
9
8
2
7
1
4
7
5
2
4
4
1
4
1
3
9
6
6
9
2
5
5
8
8
2
8
9
7
3
4
9
10
9
2
1
5
5
2
6
5
4
3
3
1
9
4
5
9
5
10
7
4
6
2
1
9
2
8
7
2
1
3
6
5
1
5
10
4
3
3
8
8
1
1
2
1
2
9
9
4
7
4
2
2
3
7
4
5
4
4
4
7
8
7
7
9
6
9
7
6
3
4
1
4
5
10
2
7
6
5
10
10
7
6
2
1
9
7
6
6
10
2
8
5
7
10
9
6
9
1
2
4
7
5
4
7
9
3
5
5
10
9
1
1
7
8
1
7
2
8
1
7
10
5
4
3
3
7
8
2
10
8
2
1
4
6
3
8
2
6
1
3
4
7
10
3
7
2
8
5
6
9
2
6
2
3
2
8
2
5
8
3
2
10
4
2
5
6
10
1
9
1
8
7
5
4
1
6
4
1
10
8
6
3
4
3
7
1
4
3
1
8
6
3
8
10
8
10
3
1
3
2
1
9
10
3
7
2
9
6
10
1
3
6
3
1
10
3
9
2
9
8
6
8
10
1
8
5
3
2
10
1
7
5
9
9
6
1
10
9
2
1
8
7
5
4
9
1
5
7
7
4
8
8
7
6
2
8
2
1
8
2
6
9
6
1
2
7
4
8
9
1
6
4
1
7
8
6
6
4
4
4
2
9
10
5
1
4
3
7
1
3
6
3
3
1
7
6
2
5
6
5
1
6
1
4
7
4
4
9
6
1
9
9
4
10
1
6
5
8
10
3
7
9
6
4
6
3
9
10
9
3
4
10
5
10
1
2
9
9
7
2
8
1
1
9
6
5
6
4
6
5
1
10
5
10
9
10
9
10
4
7
2
10
7
4
8
6
1
5
3
10
7
2
3
4
5
6
7
4
7
1
2
2
3
6
4
5
6
10
4
5
6
5
6
4
1
8
4
3
6
7
2
1
3
4
4
2
5
2
7
8
8
9
8
8
8
4
2
4
9
2
1
5
10
6
7
4
4
1
6
2
3
7
7
6
3
4
8
4
1
1
9
5
10
2
3
4
8
5
1
1
1
10
9
8
2
2
10
5
4
7
4
10
6
9
4
6
4
8
9
8
4
3
7
1
8
1
7
10
8
1
1
5
10
3
7
2
2
9
1
8
9
7
4
6
1
9
4
10
9
9
7
6
1
3
5
6
2
10
4
1
10
10
5
5
9
6
7
8
2
9
2
9
5
9
2
4
5
10
5
1
4
7
3
3
7
9
6
8
6
1
4
4
10
1
1
5
6
7
4
5
10
2
9
7
9
9
10
3
8
1
1
7
4
8
5
9
5
7
8
1
7
6
4
1
7
6
3
7
9
3
8
1
2
3
2
8
1
5
4
9
4
8
5
8
5
9
5
4
9
10
1
1
2
7
3
1
6
5
6
4
7
3
3
8
7
3
6
5
9
4
3
2
7
10
7
1
2
2
9
5
10
3
7
7
4
9
3
1
5
2
3
5
6
2
1
10
3
7
10
3
1
10
7
4
7
9
7
7
1
4
7
5
2
8
2
6
7
10
6
7
8
7
6
2
2
1
5
7
4
3
7
1
8
7
5
9
10
6
9
7
1
4
7
10
6
7
8
1
2
1
3
8
8
6
10
3
4
9
7
7
2
2
1
3
3
5
7
9
7
6
3
9
1
8
8
10
6
8
1
5
1
1
7
7
4
7
7
5
7
1
4
9
5
4
8
1
10
9
8
8
6
2
10
1
7
9
3
5
9
5
2
7
9
7
10
6
3
3
2
5
2
3
6
7
7
1
4
7
8
3
2
5
1
4
2
10
3
5
9
7
5
10
8
5
2
9
5
8
5
2
5
1
6
7
5
1
10
5
1
4
5
9
6
5
7
5
1
3
4
1
9
9
3
10
10
4
2
4
3
2
8
9
4
9
10
2
10
7
10
2
10
8
7
5
10
2
7
9
9
1
1
9
4
10
3
5
4
2
5
5
5
1
10
10
3
6
6
1
6
7
8
2
5
9
5
8
8
5
2
6
6
10
9
10
1
1
7
6
7
9
9
5
2
9
6
6
7
5
8
1
4
3
9
4
1
6
9
6
3
6
6
5
6
7
3
9
1
2
9
10
1
9
2
7
9
5
2
2
6
10
5
5
9
4
4
3
8
1
8
10
4
8
5
3
10
6
5
1
2
7
10
2
6
10
1
4
5
9
1
7
1
7
2
10
2
4
10
8
9
6
6
7
6
5
4
8
4
8
1
9
4
2
6
2
8
10
1
1
8
1
5
3
1
10
1
7
2
2
7
4
5
8
6
9
3
6
4
8
3
4
4
5
10
7
3
9
3
2
3
3
8
5
5
7
3
7
7
8
2
10
9
4
6
10
5
8
7
7
9
9
6
10
2
3
6
7
5
2
10
8
7
6
10
5
8
6
7
1
6
1
10
4
8
10
2
7
5
4
4
1
2
1
4
3
4
3
6
5
1
2
5
6
6
1
5
6
1
6
10
2
3
1
4
5
9
7
8
6
1
5
1
2
8
8
1
5
8
1
8
1
3
4
3
5
4
4
6
3
4
7
10
5
10
10
3
9
4
2
6
7
7
7
3
3
8
10
8
6
2
2
2
3
8
9
1
6
5
1
8
1
6
2
10
9
5
1
2
9
2
2
9
9
10
10
1
1
10
7
10
8
10
8
2
9
8
5
9
2
8
7
4
3
10
1
10
8
8
8
3
1
9
7
3
5
5
1
1
5
6
3
6
1
7
8
1
2
1
2
2
6
10
2
7
3
6
10
7
7
3
2
5
6
8
1
8
2
10
6
2
7
5
3
5
10
7
4
3
2
5
8
4
5
8
5
10
10
4
3
4
10
7
5
10
8
2
3
9
10
1
8
8
6
9
8
1
6
5
10
2
3
2
9
4
5
4
5
6
8
7
2
4
7
10
5
4
1
9
1
1
8
10
8
5
2
8
1
7
9
7
4
6
7
2
5
1
9
6
2
4
1
6
5
2
4
5
7
8
2
3
1
1
10
8
8
1
9
2
10
4
4
4
4
9
2
1
4
5
6
7
6
9
7
9
5
8
2
7
2
3
6
7
3
8
9
8
4
2
9
2
4
4
5
2
6
5
2
3
4
3
4
7
10
3
6
4
9
10
6
6
6
8
1
1
10
7
4
9
10
7
2
4
1
5
9
9
9
2
3
8
9
6
2
7
4
3
1
9
3
8
7
7
5
6
2
3
10
1
4
9
10
9
8
7
6
7
10
7
10
4
9
6
3
5
4
7
8
4
2
7
3
6
9
9
1
8
9
1
3
10
9
7
9
1
10
7
5
8
7
7
7
1
3
9
5
5
10
3
3
6
8
6
2
2
4
1
6
2
3
2
7
9
5
5
6
1
10
9
1
6
5
5
6
9
2
2
4
10
2
8
9
4
4
1
5
2
8
2
7
2
4
6
5
10
6
6
9
9
6
10
1
6
1
3
8
6
2
5
1
2
4
9
5
8
7
5
3
3
2
7
5
10
10
6
3
1
5
3
4
6
2
2
5
8
9
10
10
6
10
1
4
6
7
1
9
9
7
10
5
10
5
2
1
7
1
10
4
8
8
10
10
8
1
6
5
8
3
6
7
7
6
4
4
1
9
5
6
9
10
9
3
7
6
9
2
7
6
5
4
5
9
1
3
2
1
1
7
2
6
6
8
6
9
8
10
3
4
9
4
9
1
7
2
8
5
8
1
7
7
7
7
3
1
4
6
10
5
4
8
1
5
1
1
10
8
5
5
10
7
10
6
7
7
5
9
3
7
5
4
7
6
6
10
9
5
8
2
9
4
10
6
10
3
3
7
8
9
2
6
6
3
2
2
5
6
4
10
9
8
7
8
1
3
1
3
1
8
9
3
6
5
1
4
8
10
8
5
5
1
10
6
7
3
7
8
3
5
1
6
1
8
2
8
8
10
8
8
4
1
10
1
10
10
1
4
8
5
10
5
5
3
5
4
3
1
7
6
9
8
9
1
7
4
8
6
10
3
9
7
2
6
2
9
1
10
7
8
8
1
10
9
7
7
2
5
1
1
1
6
5
2
2
3
3
4
4
2
8
4
5
8
8
3
4
1
9
3
9
8
7
9
8
7
2
4
4
7
7
5
6
4
5
4
8
1
9
4
7
9
7
6
9
10
10
9
4
9
8
7
4
1
10
10
5
2
7
9
1
5
9
5
3
4
4
2
10
2
5
3
10
1
2
7
9
5
6
1
2
6
7
3
10
5
10
4
10
8
4
3
10
7
7
10
2
7
2
4
7
9
8
4
7
6
7
6
6
2
2
3
1
6
5
10
7
4
9
9
10
8
3
5
4
1
5
10
3
4
1
8
8
1
5
1
7
8
2
8
2
1
5
5
10
6
5
1
7
1
3
10
2
2
1
3
7
2
5
6
5
9
4
3
3
5
10
4
2
9
6
3
3
7
4
5
2
5
1
4
2
1
4
7
9
7
2
9
3
10
9
1
9
5
7
3
1
5
9
7
3
9
4
6
4
1
4
4
1
10
2
5
10
2
4
9
3
1
8
7
5
1
9
7
2
7
1
10
2
6
9
9
10
2
3
9
9
1
1
2
10
10
3
6
5
4
7
2
10
9
6
10
9
3
4
10
4
1
9
5
3
8
1
9
10
4
3
4
5
3
4
8
10
4
8
1
5
7
8
4
8
5
5
6
2
3
2
5
8
3
7
6
6
9
10
6
1
2
10
1
1
4
5
7
7
1
1
4
8
4
8
6
2
4
6
3
8
10
2
2
9
7
10
6
4
6
6
10
9
3
5
7
9
9
9
9
8
1
10
2
8
10
6
1
5
8
9
3
1
6
3
10
1
4
3
10
1
4
2
3
4
4
9
9
7
10
7
4
7
6
10
5
5
10
5
7
2
5
9
1
8
7
8
2
9
6
4
1
5
10
4
1
1
6
5
3
4
8
10
2
7
2
2
7
6
7
7
3
4
2
9
8
2
1
2
6
9
8
2
7
8
1
1
6
1
5
10
7
7
10
9
3
9
8
9
9
5
7
5
5
4
9
5
5
6
10
7
8
8
9
5
5
4
5
2
10
5
9
4
7
4
8
6
1
2
3
2
6
1
7
3
4
9
10
7
2
4
8
3
1
5
1
8
10
5
6
7
10
3
8
9
6
1
5
2
5
7
7
4
8
10
3
7
10
9
6
8
2
1
7
4
1
6
9
4
2
7
6
5
6
9
