1024
1500
0
5
11
17
21
29
34
41
42
49
53
55
58
60
63
66
68
76
84
87
87
89
93
95
95
98
100
101
102
104
108
111
113
118
122
123
123
127
132
134
137
139
140
141
142
144
146
147
149
151
155
158
159
161
162
164
166
167
168
170
170
173
176
176
178
188
193
199
201
206
208
212
213
219
225
230
230
231
231
233
234
237
238
241
242
245
247
248
250
254
256
258
261
264
265
265
266
270
274
277
278
278
278
278
278
281
282
282
283
286
287
287
287
289
290
292
294
295
295
297
300
302
304
305
305
306
306
308
309
315
319
326
327
337
338
339
341
348
351
356
356
359
361
364
366
370
371
375
378
378
378
382
382
386
387
389
390
391
394
395
395
399
401
407
409
411
413
414
415
421
424
425
425
426
428
429
432
433
435
438
440
442
443
443
444
446
447
448
449
450
451
451
452
461
463
465
467
469
472
475
475
480
481
483
486
490
491
492
493
494
495
498
500
502
502
504
507
509
509
509
509
510
511
511
512
515
518
520
520
520
521
522
522
523
524
526
526
526
526
528
528
528
528
529
531
535
535
535
535
538
539
539
539
539
539
541
542
546
548
557
557
558
562
564
564
567
568
570
571
572
573
574
574
574
576
581
583
588
588
588
590
597
599
604
607
609
611
613
613
620
622
623
626
626
626
631
632
637
640
642
642
644
645
648
650
652
652
652
652
653
655
655
656
657
658
658
660
660
664
665
665
669
674
675
676
678
679
680
680
683
684
688
690
692
693
695
695
697
699
700
700
700
702
702
703
705
707
708
709
712
713
714
716
716
720
722
722
725
726
728
728
728
729
731
732
735
737
737
737
738
740
740
740
740
741
742
742
743
744
745
745
746
747
748
749
751
754
756
757
759
759
759
760
762
763
766
767
768
769
771
774
778
778
780
780
783
783
786
788
791
792
793
794
795
795
795
796
799
799
801
803
804
805
806
806
807
811
813
815
815
815
815
817
819
822
823
824
824
824
824
824
825
828
830
830
832
832
834
835
836
837
841
841
843
844
845
845
849
852
852
853
855
855
856
856
859
860
860
862
862
863
864
865
865
865
866
867
869
869
869
870
871
872
875
877
878
878
880
880
881
884
884
884
884
885
887
887
889
889
889
893
893
893
893
894
895
895
897
898
898
898
898
898
901
905
910
914
916
919
920
925
927
930
931
932
934
936
940
943
951
953
957
959
961
961
966
969
971
973
975
975
977
977
979
979
980
985
988
990
993
995
995
995
996
997
1001
1001
1003
1004
1004
1006
1011
1012
1015
1017
1018
1021
1021
1021
1022
1024
1025
1026
1026
1026
1027
1028
1029
1030
1032
1034
1035
1036
1038
1038
1039
1040
1042
1043
1044
1044
1048
1050
1052
1055
1055
1057
1059
1060
1060
1060
1062
1063
1063
1066
1067
1068
1068
1068
1069
1069
1070
1071
1071
1072
1073
1073
1074
1075
1076
1077
1079
1080
1080
1080
1081
1082
1083
1084
1085
1085
1086
1086
1088
1088
1088
1088
1090
1091
1091
1092
1099
1104
1108
1109
1112
1114
1116
1116
1118
1119
1120
1122
1123
1124
1125
1125
1128
1130
1131
1133
1134
1136
1137
1137
1140
1141
1142
1144
1144
1144
1146
1147
1150
1153
1154
1155
1157
1159
1161
1161
1161
1162
1163
1163
1164
1164
1166
1166
1170
1172
1172
1174
1174
1175
1175
1176
1178
1179
1179
1179
1179
1179
1179
1179
1183
1186
1189
1190
1192
1192
1195
1195
1197
1198
1201
1202
1204
1205
1206
1206
1207
1208
1209
1209
1209
1211
1213
1215
1218
1218
1220
1220
1221
1221
1222
1222
1226
1227
1227
1228
1229
1229
1231
1232
1232
1232
1234
1234
1234
1237
1239
1240
1240
1240
1240
1241
1241
1242
1242
1242
1243
1246
1246
1246
1247
1247
1248
1248
1252
1254
1259
1259
1262
1264
1265
1267
1267
1268
1268
1269
1273
1275
1279
1279
1285
1287
1289
1289
1290
1292
1292
1292
1295
1298
1300
1300
1300
1301
1303
1304
1305
1309
1310
1312
1315
1315
1315
1315
1315
1316
1317
1321
1322
1323
1323
1324
1328
1331
1331
1332
1333
1333
1333
1333
1333
1334
1337
1337
1337
1337
1337
1337
1337
1338
1341
1345
1349
1351
1351
1351
1353
1354
1354
1355
1355
1356
1358
1359
1362
1362
1365
1365
1365
1365
1366
1366
1367
1368
1368
1368
1371
1372
1372
1375
1379
1379
1380
1382
1384
1384
1384
1385
1388
1390
1390
1391
1392
1393
1394
1394
1394
1395
1396
1396
1396
1397
1397
1397
1397
1398
1399
1399
1399
1399
1399
1400
1401
1403
1403
1405
1408
1409
1409
1410
1412
1413
1413
1414
1415
1417
1419
1419
1420
1421
1422
1422
1422
1423
1424
1424
1425
1426
1428
1429
1431
1431
1433
1434
1434
1435
1435
1437
1439
1439
1443
1443
1444
1444
1445
1445
1447
1447
1447
1448
1448
1449
1449
1449
1451
1452
1452
1452
1452
1453
1453
1456
1457
1458
1458
1458
1462
1463
1465
1465
1465
1467
1469
1470
1470
1470
1471
1471
1472
1472
1472
1472
1472
1472
1474
1477
1478
1479
1479
1479
1480
1481
1481
1481
1482
1482
1483
1483
1484
1484
1485
1485
1485
1488
1488
1489
1490
1490
1492
1493
1493
1493
1493
1493
1495
1495
1496
1496
1496
1496
1496
1496
1497
1497
1498
1498
1499
1499
1499
128
4
71
5
128
211
0
577
257
160
33
18
64
263
2
10
2
11
521
71
2
801
531
1
36
4
6
20
527
39
142
587
197
3
519
643
2
4
1
71
4
6
72
172
8
136
24
104
520
649
25
137
41
268
10
15
15
170
9
12
520
972
780
15
398
132
271
59
344
16
22
512
24
16
257
674
81
181
913
16
272
145
146
35
99
87
19
134
21
277
312
21
5
274
86
8
281
528
344
16
530
187
28
85
4
13
861
269
541
30
286
31
44
33
608
32
276
165
865
129
4
293
32
614
100
108
164
524
515
23
45
117
35
582
5
97
101
8
116
552
10
354
268
44
13
37
60
38
41
52
146
117
48
145
19
368
571
38
807
48
52
33
22
52
883
63
160
241
24
24
126
60
190
829
124
156
63
319
65
100
64
193
64
593
352
64
193
707
3
64
197
65
65
960
526
320
99
70
82
98
78
608
364
68
578
608
69
576
70
326
582
66
36
72
8
264
72
716
32
73
73
123
712
64
79
648
586
74
334
584
76
202
6
199
84
80
528
18
594
122
528
121
22
84
116
277
351
27
83
19
604
216
648
348
74
82
223
147
664
126
110
127
94
12
77
343
112
64
874
481
449
97
176
115
362
2
353
371
36
96
160
232
44
609
108
100
559
81
49
33
594
50
80
123
116
468
886
118
119
104
120
234
632
112
636
93
430
120
119
130
8
144
640
160
198
177
129
1
33
134
210
130
658
130
386
434
131
134
4
212
4
64
896
5
0
388
166
156
390
47
159
168
261
200
129
281
384
745
905
157
130
202
642
138
138
15
232
273
398
180
13
391
174
158
140
493
18
4
208
16
1
18
144
16
156
163
537
561
16
16
66
514
696
154
153
520
155
287
696
655
6
85
412
735
202
480
416
160
160
305
51
139
128
578
32
171
387
130
229
676
32
229
225
164
135
937
168
45
160
392
168
141
162
41
142
37
137
172
134
143
419
13
176
625
245
182
670
178
179
176
158
660
129
406
440
248
441
56
59
752
733
899
449
64
488
192
132
192
136
192
193
69
129
196
192
450
83
384
198
233
741
197
7
6
198
72
138
192
141
232
488
456
730
979
131
297
198
206
140
78
205
206
199
67
209
474
202
722
706
222
388
464
94
133
151
87
599
216
28
700
173
735
102
226
236
193
322
121
98
226
100
359
456
233
232
232
750
247
247
243
235
227
118
757
364
248
248
111
403
126
252
115
292
784
896
288
257
833
386
770
258
290
386
272
298
786
258
260
260
333
324
932
256
262
260
770
264
264
8
131
206
804
5
266
785
272
522
304
404
304
0
23
258
789
389
356
84
148
277
535
280
792
341
384
392
275
280
17
20
27
272
258
266
530
312
379
287
92
272
21
148
287
8
416
288
364
12
32
97
256
289
928
295
417
299
289
110
295
294
36
258
295
35
260
46
360
296
552
40
369
34
296
25
972
943
366
300
418
59
363
824
304
280
800
308
805
300
313
298
315
565
109
319
312
222
466
324
768
263
322
65
321
409
833
32
2
836
334
79
326
320
352
456
265
266
10
338
90
73
46
877
320
325
329
478
272
320
258
273
338
341
295
322
347
448
369
889
411
329
348
349
348
124
22
344
321
496
353
363
813
295
66
68
356
364
369
359
838
369
361
871
847
484
814
90
377
125
16
369
419
116
1010
312
121
892
380
445
380
367
384
898
964
259
128
138
656
419
900
744
295
216
280
400
267
457
26
906
342
1005
136
398
366
271
11
273
400
432
981
386
432
948
476
404
20
132
262
304
413
952
908
332
729
423
959
476
415
160
416
294
739
291
999
163
992
425
8
296
313
169
421
397
936
130
234
9
391
250
944
434
160
417
433
499
946
952
945
181
537
258
442
436
412
988
319
310
392
457
322
194
320
66
388
452
499
486
464
268
88
267
460
448
200
133
206
412
422
400
468
977
465
464
465
449
410
985
835
971
876
813
412
352
481
392
147
506
231
935
212
450
950
232
489
361
489
861
127
303
176
736
499
167
435
755
438
424
490
680
363
523
512
1
513
81
587
789
34
260
530
644
7
3
518
643
131
262
605
661
37
520
782
519
517
69
519
813
769
520
67
521
9
520
7
522
12
525
513
778
518
14
647
90
521
550
528
520
10
536
784
784
771
16
664
529
2
514
576
8
658
530
12
564
30
22
548
606
782
783
19
615
568
153
17
729
536
530
526
732
536
527
552
513
520
549
33
561
32
162
674
690
515
44
533
32
685
549
8
569
520
570
818
650
636
556
557
558
558
528
50
272
528
1008
57
546
146
612
563
522
679
516
549
537
28
25
539
537
563
60
47
0
832
576
6
65
578
580
556
327
76
524
585
74
512
591
108
70
526
588
594
837
783
88
720
533
848
633
19
90
84
596
20
616
604
605
80
379
851
613
733
96
514
610
615
579
528
203
906
103
632
558
485
624
1009
638
533
628
630
637
562
20
628
124
623
208
716
924
641
930
801
513
5
641
641
128
641
523
419
194
640
641
644
133
772
645
652
18
143
644
648
137
74
650
257
716
647
646
960
384
720
713
689
658
787
2
16
405
932
14
216
664
216
648
156
539
157
702
652
667
641
552
736
752
164
33
546
547
176
164
561
77
678
166
661
620
544
1006
164
180
928
688
178
242
224
659
554
946
573
656
698
700
704
192
705
476
928
69
768
704
742
194
658
401
108
196
711
118
716
712
329
10
650
523
609
212
590
577
748
704
721
658
725
721
214
114
658
597
728
157
978
728
602
734
733
705
128
96
1008
200
243
100
738
870
736
448
742
245
581
668
651
170
755
659
649
116
619
152
753
120
766
768
320
836
261
641
777
770
794
522
266
263
517
916
806
773
913
265
903
807
545
771
768
338
522
778
797
783
909
380
148
300
336
832
784
848
656
624
257
817
886
602
276
853
821
296
794
592
537
785
265
798
922
793
790
534
805
544
801
801
293
515
515
801
50
672
676
868
15
297
745
769
875
649
552
813
559
48
944
944
800
817
372
825
809
534
572
410
786
554
946
322
834
966
835
328
769
837
885
838
961
844
327
836
322
832
776
873
588
590
782
783
580
20
280
850
562
888
322
536
860
853
888
888
573
861
1019
459
610
832
770
356
802
625
869
297
868
359
616
608
584
745
237
834
228
112
870
609
310
631
857
858
635
640
523
641
771
299
581
908
769
832
911
896
392
781
491
806
905
909
782
654
952
528
770
919
918
760
25
696
664
906
908
152
798
478
780
928
289
675
420
920
950
694
910
916
683
539
684
1004
188
681
933
160
915
824
683
433
922
828
413
968
984
904
448
449
962
451
961
838
454
994
967
714
840
658
468
899
982
983
597
981
984
665
596
718
864
675
997
501
419
743
1004
898
762
745
464
560
919
251
250
801
733
6
6
3
3
1
10
9
1
7
3
3
10
9
1
5
9
3
3
10
5
8
2
2
2
9
2
4
7
4
8
6
7
4
6
7
8
1
4
5
10
7
3
9
3
10
7
7
7
4
1
7
4
3
9
5
7
4
5
10
6
4
10
1
5
5
9
5
9
10
9
8
5
8
3
8
7
9
2
4
8
6
2
3
8
7
6
3
10
1
1
4
2
9
4
3
7
1
6
9
1
3
3
2
9
10
8
5
9
10
4
5
6
6
8
1
2
3
8
5
1
9
3
10
10
9
2
3
8
3
9
2
9
9
4
8
8
8
2
1
10
6
1
8
10
10
2
10
8
3
4
1
6
5
1
10
2
6
2
5
4
5
1
7
5
1
2
9
2
4
8
9
8
5
5
4
8
9
10
4
5
10
2
1
8
1
4
1
1
6
4
3
5
2
5
2
9
7
3
3
1
8
6
7
4
9
9
8
2
7
5
9
3
4
10
9
4
1
8
5
9
10
10
1
5
10
5
9
10
8
5
4
8
8
2
10
9
7
10
7
1
5
4
10
2
8
2
7
9
10
5
6
3
2
10
10
7
2
3
2
6
3
1
10
1
5
9
3
9
9
4
5
6
5
4
9
9
2
7
2
7
5
9
8
7
8
2
9
2
9
5
2
9
9
8
4
5
4
10
3
7
4
1
2
2
4
7
8
8
5
9
1
10
7
4
9
7
1
5
1
5
9
10
1
4
8
1
3
8
7
1
10
9
10
5
10
10
6
8
10
10
7
8
5
9
9
4
1
5
1
5
1
1
7
2
1
9
8
3
4
8
5
3
9
7
4
10
8
3
9
7
6
6
3
10
4
9
5
2
5
9
2
5
4
7
8
10
9
9
8
4
10
7
1
3
3
7
10
2
2
8
3
5
1
6
4
9
10
9
1
7
10
1
8
10
4
1
6
8
9
5
1
10
10
1
8
5
4
1
4
1
6
5
6
7
8
6
10
6
6
3
2
10
10
10
6
4
10
8
10
8
9
5
1
6
2
9
6
7
1
9
10
9
1
10
9
10
6
8
10
8
1
1
10
6
10
4
5
4
6
9
2
5
9
9
9
1
4
1
8
6
7
10
10
7
7
8
5
9
2
6
3
9
5
9
8
7
10
6
10
6
9
9
4
6
5
1
6
3
1
3
3
4
1
3
7
10
3
8
7
5
4
4
8
8
6
3
2
6
4
2
8
9
1
9
8
10
3
10
7
4
5
6
7
8
5
4
10
2
4
3
4
3
5
1
9
9
1
2
1
9
1
6
3
10
10
6
3
10
6
8
9
1
7
3
4
7
3
6
2
2
10
9
7
6
4
9
4
9
3
4
1
10
7
10
5
8
2
2
2
6
8
5
10
6
5
1
5
9
4
10
10
2
1
3
4
10
9
1
7
7
7
10
5
4
6
4
9
9
10
10
1
6
8
1
3
4
9
1
7
6
8
4
8
9
1
10
2
1
9
6
1
6
6
2
10
8
4
9
9
10
10
2
8
6
8
7
6
4
8
3
5
2
10
2
1
8
2
10
3
9
7
1
5
7
1
8
1
8
6
9
4
3
3
7
3
1
7
4
9
8
2
2
3
9
5
1
6
6
6
5
5
4
3
8
3
7
5
4
1
2
8
3
9
5
2
10
7
3
4
2
4
8
3
10
9
4
4
1
6
8
4
3
6
1
5
7
6
7
4
3
2
4
4
9
1
7
1
2
3
9
5
5
10
4
8
1
5
8
6
1
2
1
2
5
8
3
5
3
4
8
4
2
10
6
9
3
10
5
4
10
7
5
4
9
4
2
6
6
2
4
1
7
8
8
1
7
1
5
4
6
7
5
10
6
1
7
5
10
2
1
10
8
8
9
6
4
1
2
2
3
5
1
3
9
8
6
1
6
1
6
2
2
5
6
1
6
3
5
9
9
2
6
3
2
4
6
2
6
9
1
6
9
6
8
5
1
1
10
1
7
5
4
10
8
6
10
6
8
9
5
5
5
3
1
10
9
7
10
4
4
3
7
7
4
7
5
7
2
8
6
5
1
5
1
8
6
6
2
1
2
3
5
9
5
10
1
4
2
5
8
6
5
9
7
3
7
9
3
10
5
7
10
4
5
8
3
10
2
2
6
9
6
7
6
2
7
2
4
5
6
1
3
2
5
3
2
9
6
8
8
1
9
8
6
9
1
2
4
10
6
2
2
3
5
3
5
3
8
4
8
8
8
8
7
7
4
1
2
5
3
1
6
8
3
3
10
8
7
9
6
10
2
2
6
10
2
7
6
9
1
3
8
5
5
4
5
5
10
4
6
1
4
9
8
8
7
7
4
2
9
9
4
8
4
2
6
10
6
3
9
2
7
4
8
3
1
5
7
8
8
7
8
7
10
3
9
6
8
2
4
10
4
5
4
6
7
7
9
2
1
7
1
10
3
2
9
1
10
9
7
7
1
9
5
3
1
5
8
6
1
10
8
7
8
1
8
3
5
1
9
9
5
2
7
10
2
8
8
5
5
8
9
10
5
3
9
3
2
7
10
4
10
6
7
4
4
10
8
2
6
9
7
1
3
1
3
7
5
4
4
4
8
7
8
6
1
7
1
1
5
10
1
4
8
6
3
4
8
2
8
9
2
9
5
1
9
2
3
2
9
8
2
6
10
9
1
3
9
5
4
9
5
10
6
3
4
8
1
5
2
1
5
8
3
9
5
5
9
10
8
3
10
5
10
7
4
3
5
5
9
9
3
8
5
8
8
9
4
2
7
7
8
5
3
8
4
10
7
5
6
4
4
1
6
4
8
4
2
8
9
8
3
9
1
8
1
9
3
2
9
4
3
10
3
6
8
8
4
1
8
1
9
6
7
7
4
1
1
2
9
1
1
6
9
2
4
5
7
8
4
1
9
8
3
10
7
4
1
4
6
10
2
1
9
4
10
3
1
7
7
7
1
4
5
6
1
6
9
10
3
10
7
1
9
7
7
7
9
4
4
4
2
4
4
10
6
1
3
4
10
2
10
9
8
2
1
9
9
7
10
4
2
10
2
6
10
1
2
7
3
10
4
5
9
4
10
10
6
3
8
6
5
8
2
3
8
2
1
1
5
7
1
10
9
5
1
5
7
7
4
3
10
8
2
8
8
10
2
6
3
10
2
6
10
7
7
3
3
3
7
7
8
6
2
10
10
1
3
1
5
3
9
1
2
6
8
2
4
10
6
10
4
6
8
3
4
7
2
5
10
6
1
9
7
10
10
10
10
7
1
6
7
1
10
2
5
1
10
2
8
5
5
8
10
4
6
7
4
10
1
4
5
8
8
1
9
9
2
10
7
1
2
5
1
8
1
9
3
10
4
8
4
9
8
10
6
2
8
8
4
