1024
4000
0
19
35
52
62
82
98
108
112
128
137
152
155
167
174
183
186
206
221
230
236
247
257
265
269
277
282
289
292
300
311
316
320
341
352
357
360
365
376
387
395
407
411
417
419
426
432
435
437
444
450
459
463
469
472
477
482
487
488
497
499
503
506
507
509
528
547
556
561
571
576
583
587
600
613
620
626
634
638
642
645
652
657
660
665
675
678
681
686
696
705
708
711
717
719
724
728
744
752
765
768
775
777
780
784
788
795
797
799
803
809
810
810
817
819
826
829
833
834
838
845
852
856
859
860
865
866
869
871
888
895
906
909
925
929
937
942
954
958
969
971
976
983
989
992
1005
1011
1017
1022
1023
1027
1034
1035
1041
1047
1051
1054
1056
1063
1065
1065
1074
1079
1088
1092
1098
1100
1101
1102
1118
1125
1129
1133
1136
1144
1148
1152
1158
1165
1172
1180
1185
1186
1187
1188
1192
1193
1197
1199
1201
1203
1205
1207
1221
1229
1234
1240
1242
1247
1252
1253
1265
1269
1275
1281
1289
1292
1297
1298
1303
1309
1312
1316
1320
1323
1325
1329
1331
1332
1333
1335
1337
1339
1343
1345
1357
1363
1366
1368
1370
1371
1376
1376
1383
1384
1390
1393
1395
1395
1397
1397
1403
1406
1411
1416
1422
1423
1423
1423
1426
1428
1429
1429
1429
1431
1434
1437
1449
1455
1469
1473
1477
1492
1498
1499
1508
1516
1523
1528
1536
1540
1545
1547
1553
1560
1569
1576
1585
1589
1590
1594
1609
1615
1622
1626
1630
1637
1640
1642
1660
1670
1673
1681
1683
1687
1697
1701
1711
1716
1723
1724
1734
1737
1743
1746
1755
1758
1762
1764
1770
1773
1774
1777
1781
1782
1784
1788
1791
1795
1796
1796
1809
1816
1822
1827
1832
1833
1836
1837
1844
1845
1851
1856
1862
1867
1874
1874
1881
1886
1889
1894
1897
1899
1900
1901
1904
1907
1909
1912
1916
1917
1920
1923
1926
1934
1939
1942
1949
1956
1962
1962
1965
1970
1972
1975
1981
1985
1985
1986
1988
1991
1992
1993
1993
1996
1998
1998
2002
2005
2007
2007
2008
2009
2011
2012
2020
2029
2033
2036
2041
2045
2048
2050
2054
2058
2063
2067
2070
2074
2077
2081
2095
2100
2104
2105
2113
2113
2118
2121
2127
2131
2135
2137
2142
2143
2144
2146
2154
2158
2163
2166
2171
2175
2178
2179
2182
2187
2192
2195
2198
2198
2198
2200
2204
2211
2213
2216
2217
2218
2222
2223
2226
2233
2238
2240
2245
2245
2251
2252
2260
2265
2270
2272
2279
2285
2289
2289
2294
2299
2300
2302
2306
2308
2310
2311
2317
2323
2323
2325
2326
2331
2334
2336
2337
2338
2340
2342
2346
2349
2350
2352
2356
2359
2362
2365
2368
2371
2375
2375
2379
2386
2386
2387
2387
2390
2394
2394
2396
2397
2398
2403
2404
2405
2406
2408
2412
2414
2416
2417
2418
2419
2419
2419
2427
2441
2453
2460
2468
2474
2481
2489
2499
2506
2510
2512
2515
2518
2525
2529
2542
2548
2556
2558
2565
2569
2577
2581
2584
2588
2592
2593
2596
2596
2598
2599
2606
2615
2625
2630
2642
2647
2649
2650
2655
2663
2671
2674
2681
2683
2685
2688
2695
2700
2706
2710
2714
2718
2720
2720
2726
2730
2733
2734
2737
2737
2738
2740
2749
2758
2762
2765
2770
2773
2780
2782
2788
2792
2797
2800
2804
2805
2810
2814
2820
2826
2829
2833
2842
2846
2849
2851
2854
2857
2859
2863
2866
2868
2868
2871
2877
2878
2879
2880
2882
2884
2889
2889
2892
2895
2898
2899
2902
2904
2905
2908
2911
2915
2917
2918
2922
2923
2924
2927
2930
2930
2934
2936
2939
2940
2940
2942
2958
2966
2973
2980
2989
2993
2997
2999
3007
3012
3014
3019
3023
3025
3030
3030
3038
3045
3047
3052
3056
3059
3062
3063
3069
3072
3073
3078
3078
3078
3082
3084
3091
3099
3102
3103
3110
3112
3118
3118
3125
3126
3128
3129
3130
3130
3132
3132
3142
3147
3150
3152
3152
3154
3155
3157
3163
3166
3169
3169
3171
3171
3173
3173
3180
3183
3190
3193
3196
3198
3203
3204
3210
3212
3221
3222
3226
3227
3228
3229
3232
3235
3239
3242
3242
3244
3247
3249
3253
3255
3259
3259
3263
3263
3264
3266
3272
3273
3277
3281
3283
3285
3288
3290
3291
3295
3299
3300
3300
3303
3305
3307
3308
3310
3312
3315
3317
3320
3323
3323
3325
3328
3328
3328
3329
3329
3330
3332
3342
3350
3357
3360
3369
3374
3377
3381
3390
3394
3396
3398
3403
3407
3413
3415
3428
3434
3440
3442
3450
3454
3456
3457
3465
3470
3472
3472
3474
3476
3480
3481
3490
3500
3504
3508
3514
3514
3514
3514
3516
3519
3522
3528
3533
3535
3538
3541
3548
3554
3556
3558
3563
3567
3568
3569
3569
3570
3575
3579
3580
3580
3580
3580
3589
3595
3601
3609
3617
3621
3625
3627
3630
3631
3633
3635
3639
3642
3645
3648
3652
3653
3657
3657
3657
3657
3658
3662
3663
3666
3667
3669
3672
3674
3678
3681
3687
3689
3692
3694
3697
3698
3698
3699
3707
3711
3714
3716
3720
3723
3725
3726
3726
3728
3729
3729
3730
3733
3733
3733
3734
3735
3738
3738
3738
3738
3740
3742
3746
3750
3757
3760
3767
3770
3772
3775
3780
3784
3788
3790
3793
3795
3797
3798
3801
3807
3811
3812
3813
3816
3820
3820
3823
3824
3827
3830
3833
3834
3837
3838
3840
3844
3847
3850
3854
3856
3861
3861
3862
3864
3867
3868
3871
3871
3871
3872
3874
3878
3879
3880
3882
3884
3885
3886
3887
3888
3889
3893
3895
3898
3898
3898
3904
3906
3913
3914
3914
3919
3925
3926
3930
3931
3933
3935
3937
3937
3938
3941
3942
3943
3945
3949
3950
3951
3951
3952
3955
3957
3958
3958
3959
3959
3961
3961
3967
3968
3970
3970
3972
3975
3976
3977
3979
3979
3981
3983
3983
3983
3983
3983
3985
3988
3990
3992
3992
3992
3992
3992
3995
3995
3996
3997
3999
3999
3999
128
4
71
5
128
656
592
392
68
514
514
2
16
140
132
2
1
22
385
211
0
577
257
160
33
64
73
321
7
553
111
259
9
37
1
18
64
263
2
10
2
35
36
34
2
4
66
134
10
514
2
578
11
521
71
2
3
770
523
5
67
131
801
531
1
36
4
6
20
527
12
4
84
4
514
324
144
28
558
38
84
454
39
142
587
197
3
20
364
49
141
257
69
517
0
4
517
17
519
643
2
4
1
71
4
38
2
262
6
389
291
23
72
172
8
136
24
104
520
0
1
0
25
24
48
840
16
200
649
25
137
41
904
1
521
25
9
268
10
10
568
474
9
66
256
11
10
10
76
522
174
0
15
15
170
9
12
524
13
300
28
14
908
12
140
284
28
520
972
780
13
260
13
15
15
398
132
194
14
646
14
2
143
271
59
41
344
16
22
512
24
16
257
674
604
16
10
48
560
281
852
16
0
16
280
56
81
181
913
16
272
145
146
35
53
17
1
17
1
48
33
99
87
19
24
406
18
128
62
18
3
19
593
114
275
82
134
21
29
20
5
1
592
660
6
20
6
277
312
21
5
519
20
85
149
537
212
274
86
158
2
23
70
20
22
5
150
535
1
8
281
528
376
48
584
350
542
344
16
665
93
53
530
30
154
91
274
18
350
187
27
27
28
85
68
412
140
556
60
29
4
13
861
269
813
25
61
31
523
124
559
541
30
286
279
94
31
44
24
30
33
608
32
276
165
608
128
32
0
32
385
32
48
32
816
52
129
160
32
296
32
865
129
4
293
545
515
544
37
97
32
1
32
2
32
288
32
3
163
34
614
100
108
164
260
524
515
23
45
117
545
551
101
61
597
804
35
582
38
684
34
517
55
294
34
628
554
5
97
101
3
562
419
54
103
8
116
556
33
170
552
40
938
41
266
106
57
552
44
254
33
10
16
168
554
554
10
354
1
268
44
109
44
548
44
124
13
37
45
549
29
557
60
4
46
38
41
52
146
168
48
304
22
180
117
48
145
19
21
1
368
571
38
246
184
52
50
663
163
807
171
49
16
48
52
262
548
114
280
33
117
53
22
52
582
58
20
883
63
630
127
268
160
62
48
108
88
241
24
24
58
154
42
546
698
530
510
951
314
126
60
190
76
829
124
156
63
63
319
65
100
64
193
64
593
352
64
193
707
0
323
68
17
322
192
344
64
69
3
64
197
65
65
577
84
480
97
579
131
608
64
72
65
12
272
0
65
960
526
320
99
70
82
96
72
474
98
78
65
66
65
608
364
68
578
608
2
69
100
520
385
69
576
541
325
577
70
326
582
66
326
70
162
36
71
71
131
72
8
264
72
716
32
585
72
488
201
584
72
232
73
73
123
712
64
79
204
457
17
185
8
89
597
648
586
74
334
584
66
194
75
74
105
68
42
79
76
12
72
100
76
352
9
12
591
11
139
77
202
6
12
195
199
15
79
84
80
528
848
64
80
592
18
89
16
209
841
594
122
528
121
82
97
339
82
22
84
116
4
382
276
97
92
16
4
277
351
93
27
341
55
83
19
583
407
215
604
216
648
348
843
344
336
216
217
80
74
82
209
249
589
91
840
88
45
223
147
65
664
126
110
127
94
12
92
536
221
77
77
671
119
542
94
604
343
455
638
218
112
64
874
481
96
193
192
96
226
96
99
629
32
32
608
744
449
97
176
115
576
176
545
99
362
2
353
66
354
528
96
34
102
96
106
10
35
371
2
721
5
100
116
100
96
97
32
373
36
103
98
610
34
451
117
115
36
96
160
76
232
73
473
196
617
578
9
362
123
44
113
609
108
100
836
559
333
109
77
109
111
558
81
49
630
112
57
116
48
33
113
594
50
755
82
34
114
26
80
123
97
116
356
369
644
113
468
886
246
38
118
119
104
615
113
53
115
120
234
376
344
89
56
88
632
112
89
121
636
738
88
122
93
117
380
60
620
119
430
120
604
119
213
130
8
144
640
160
198
224
133
282
128
148
192
43
142
128
448
640
177
129
1
33
0
132
129
134
210
130
658
130
386
434
202
130
130
130
131
0
11
134
4
212
4
64
896
5
0
388
166
252
516
400
197
562
135
156
132
157
13
390
208
598
2
150
162
135
4
47
159
897
455
643
168
261
200
129
281
384
745
142
136
396
490
523
905
157
130
241
202
642
138
138
15
42
410
2
162
143
138
649
513
232
273
398
141
141
180
13
193
137
141
141
937
391
174
158
63
81
196
140
493
159
18
4
208
16
0
188
688
17
148
144
48
48
16
1
27
129
129
313
17
18
144
16
156
402
530
163
537
561
147
179
213
133
196
433
181
16
16
66
514
662
38
34
722
696
154
153
520
152
148
155
408
157
209
273
153
287
696
194
42
655
539
187
6
12
85
412
735
61
665
157
157
202
30
480
416
160
160
144
42
160
176
672
305
51
160
161
131
139
128
578
32
171
387
168
162
163
130
229
689
695
676
32
132
192
132
128
229
225
164
135
937
168
45
160
392
168
162
288
40
44
175
185
168
32
648
232
141
162
41
169
664
553
170
142
160
490
170
418
441
227
313
37
554
138
137
172
181
172
143
173
21
684
134
418
896
430
143
419
13
15
176
176
176
179
148
208
625
245
169
434
177
700
176
182
670
178
50
138
146
58
179
176
161
159
163
179
243
563
158
660
38
148
242
129
182
406
440
248
248
163
441
56
191
188
186
59
697
752
156
733
189
154
428
899
158
449
64
488
192
132
192
136
192
193
706
481
200
704
224
69
129
73
457
65
203
353
641
196
192
34
162
214
450
83
149
67
195
450
384
198
233
741
197
471
453
7
6
198
238
582
714
72
138
192
141
232
202
136
72
714
204
9
74
488
89
715
401
456
730
75
236
678
202
979
131
297
205
491
203
198
206
140
78
196
199
216
270
205
76
201
206
716
216
69
86
199
67
213
200
144
722
209
209
721
213
137
465
474
202
722
706
222
289
690
388
464
213
210
244
147
213
94
133
151
87
599
151
216
28
723
194
219
731
700
204
173
250
90
222
204
88
735
687
102
226
236
65
225
449
165
192
480
17
96
209
193
322
121
160
233
99
98
226
354
201
97
676
80
100
359
230
68
960
55
456
108
228
57
488
204
168
233
232
232
78
362
234
234
359
235
99
172
106
750
247
177
208
330
240
210
352
473
208
505
247
246
410
498
242
243
235
177
307
195
227
118
757
364
511
53
405
248
248
111
403
493
102
241
177
126
252
238
115
121
173
292
784
896
288
384
768
513
13
256
288
257
804
257
833
65
257
305
289
386
770
258
290
386
272
298
786
258
386
482
394
42
402
291
258
301
311
260
276
324
0
260
333
324
932
263
382
261
333
271
261
260
333
525
279
388
256
262
260
454
262
615
533
260
770
264
47
258
280
898
400
10
264
41
9
448
265
9
321
329
8
131
202
299
266
602
11
206
395
9
782
282
804
28
260
303
389
303
300
770
5
301
261
939
266
582
302
910
14
495
77
336
272
688
402
313
272
785
272
275
833
144
257
273
522
304
404
304
0
306
274
410
278
23
258
273
274
281
275
275
789
389
356
84
148
260
36
389
788
277
17
277
277
262
277
535
354
23
280
792
341
384
392
275
280
286
856
25
778
304
56
280
20
17
20
9
797
25
857
27
272
258
266
530
24
282
312
379
287
795
92
272
782
318
21
148
891
13
1
17
285
287
8
274
287
335
416
288
364
12
32
97
256
256
256
800
10
309
354
256
34
357
288
545
289
928
297
17
274
259
256
417
361
376
295
418
298
417
299
289
259
879
419
307
635
292
308
292
996
261
293
110
295
294
36
258
6
814
288
294
358
295
802
258
295
35
260
46
360
296
296
296
936
289
300
552
40
369
333
429
34
296
42
282
297
392
298
779
25
972
300
364
300
316
2
300
284
54
943
111
813
366
300
418
272
298
298
59
363
311
824
304
976
48
296
416
392
404
304
305
312
272
278
314
308
272
288
371
280
820
308
404
309
368
800
308
108
311
805
291
304
300
373
8
296
313
291
52
298
315
307
818
316
436
294
565
109
319
312
222
466
324
768
263
64
4
840
226
368
356
193
193
586
322
65
321
409
833
264
321
32
610
258
834
66
84
2
327
323
81
293
836
334
844
422
70
79
326
326
382
327
320
352
456
328
96
320
488
265
266
10
338
90
810
282
73
46
202
323
328
877
320
72
360
2
517
325
335
332
329
829
329
478
463
438
326
348
88
272
320
194
340
336
832
344
258
273
220
55
325
338
338
338
351
83
19
273
258
285
340
316
341
295
326
322
347
448
844
369
889
281
411
984
329
331
74
348
349
348
285
124
22
351
22
344
321
607
870
289
484
496
353
363
813
807
872
993
482
295
66
848
124
554
67
97
449
68
356
364
613
836
7
96
369
103
101
321
263
869
353
359
838
358
868
326
49
12
104
362
369
41
889
97
939
361
871
847
96
323
484
814
90
360
230
97
377
125
268
225
363
16
337
369
419
353
626
311
116
357
756
1010
838
312
472
880
872
121
304
297
892
382
380
445
380
374
367
384
898
256
4
256
384
160
128
964
259
128
256
323
896
405
180
704
138
656
450
194
419
391
385
900
744
268
448
772
420
389
293
277
902
390
911
295
385
216
280
392
56
400
203
384
137
267
457
26
804
970
906
410
399
939
342
388
333
1005
899
145
909
136
398
462
366
271
11
735
273
400
432
981
816
656
497
470
208
784
912
400
690
272
19
412
393
433
149
386
432
844
464
403
948
476
404
466
148
405
276
948
20
132
262
644
432
304
413
71
952
908
332
922
408
408
729
155
409
385
423
474
147
136
959
406
476
404
432
148
20
277
906
415
467
160
416
294
386
804
448
288
166
288
425
549
261
739
291
939
416
418
999
163
419
992
292
422
916
460
425
420
493
103
8
438
418
431
296
428
136
313
169
421
397
33
936
130
171
490
232
234
9
415
296
492
428
391
250
944
434
274
304
160
417
433
433
1013
473
164
499
50
946
259
437
928
132
311
438
934
464
167
952
8
818
945
181
537
441
501
280
441
258
442
319
234
426
442
154
436
412
472
424
480
988
319
790
284
180
926
310
392
193
576
452
962
260
329
217
457
577
389
452
320
322
194
320
66
259
200
391
388
452
268
964
84
332
225
499
236
133
455
261
709
486
453
454
454
464
268
88
267
216
460
448
200
321
461
712
133
458
206
412
76
964
461
969
422
462
471
400
468
977
80
704
88
465
721
322
209
464
659
464
465
948
449
139
433
276
469
410
210
912
985
964
464
456
835
502
971
201
876
813
476
478
713
413
197
474
412
399
352
8
488
288
481
457
418
392
147
506
231
935
499
212
356
142
389
501
456
450
950
490
416
232
1000
993
488
489
361
489
809
497
753
749
99
861
291
200
127
303
360
940
176
736
339
226
499
167
435
755
499
276
229
230
438
453
424
954
472
248
507
1021
490
680
363
472
101
523
512
1
641
512
640
516
704
513
81
587
789
769
0
769
515
528
33
265
9
1
129
34
260
530
644
7
512
602
590
10
528
0
544
3
518
643
131
643
513
513
262
605
516
196
528
532
512
32
661
37
520
5
544
548
782
526
526
6
258
621
519
519
517
69
519
813
7
7
512
769
520
16
514
520
520
9
512
576
522
67
521
9
841
152
525
33
520
616
202
542
7
513
522
12
76
525
513
524
778
518
14
647
44
651
522
90
521
550
543
528
520
10
536
784
784
771
16
512
16
528
240
640
664
529
705
531
817
17
2
514
576
8
848
538
694
521
658
530
12
564
532
528
532
6
528
660
519
790
849
30
22
548
606
782
566
20
150
783
19
615
627
568
153
344
17
729
795
697
536
530
403
794
531
526
732
796
536
527
533
552
544
544
416
561
746
547
513
520
549
33
561
545
0
684
545
32
162
674
514
832
642
768
512
512
562
690
515
865
547
103
44
533
32
549
736
544
548
686
558
676
928
546
685
549
37
197
677
613
98
548
8
600
552
34
616
569
637
234
617
937
552
801
697
520
570
818
650
523
202
680
307
744
615
862
636
556
684
812
549
813
48
557
573
574
687
558
558
559
528
50
272
528
1008
240
625
57
561
531
723
688
546
146
612
114
546
562
563
522
35
34
679
884
565
20
516
549
537
47
62
567
28
104
62
696
999
680
25
539
569
400
537
570
106
563
50
53
861
60
47
630
0
114
194
112
66
577
588
898
579
832
583
673
512
87
704
609
816
581
576
6
530
162
65
578
587
580
626
535
512
612
556
581
742
327
76
518
70
70
594
78
87
519
524
556
72
712
843
793
585
521
969
525
74
512
718
614
586
591
981
666
108
783
620
524
541
70
526
588
594
602
837
783
643
79
88
720
594
624
98
81
533
848
633
853
896
594
594
530
210
19
90
659
626
84
596
596
848
84
592
113
862
598
20
533
597
721
786
724
70
582
1015
616
604
586
605
601
600
89
602
80
379
851
587
613
624
606
733
601
527
107
543
96
744
613
616
880
608
609
514
610
564
36
615
101
579
638
87
455
868
528
621
536
203
553
329
906
354
622
103
632
558
557
485
573
578
622
607
650
624
888
116
1009
530
81
289
638
562
533
628
756
484
888
373
630
630
727
628
637
562
600
114
106
114
584
91
122
20
628
249
124
623
607
208
716
924
641
930
801
513
640
646
642
642
656
646
512
6
640
5
641
641
128
641
721
896
561
523
419
194
640
642
642
658
641
675
715
647
642
647
666
644
133
772
706
645
182
644
132
384
645
652
512
661
18
143
647
806
435
587
644
648
40
651
673
649
522
136
137
904
905
911
129
74
908
650
257
523
651
731
716
666
532
128
647
669
646
175
926
714
586
960
384
720
129
641
538
656
144
713
689
913
144
153
533
305
658
18
787
2
667
531
663
16
661
134
700
405
932
695
14
596
772
647
216
664
216
536
560
904
648
657
120
156
539
157
667
155
155
702
652
694
319
667
129
641
552
736
680
544
384
704
752
164
33
673
736
673
581
33
546
658
176
547
176
164
293
196
740
672
684
561
77
678
166
566
516
678
938
56
652
642
556
556
672
672
661
620
554
682
544
1006
164
180
928
688
178
560
688
688
912
28
882
242
224
675
689
601
690
759
751
659
554
946
183
150
573
902
656
698
664
656
648
184
700
569
749
298
666
698
122
572
422
651
704
192
705
476
832
640
738
928
69
768
704
742
194
704
72
650
194
658
643
653
401
108
640
647
1013
196
711
118
642
907
195
716
712
232
584
522
728
329
743
10
650
523
619
138
654
202
970
78
609
212
590
716
670
577
748
526
704
212
720
721
793
624
658
726
534
598
707
602
215
725
721
214
114
722
658
597
728
157
978
960
601
136
728
602
730
664
734
616
604
712
733
522
154
705
128
96
1008
744
881
200
930
930
611
234
243
675
739
227
100
740
629
981
738
870
742
736
611
736
676
233
705
487
448
742
680
856
747
245
581
668
651
170
755
387
1018
720
689
626
630
659
595
243
637
248
649
244
948
882
886
190
116
696
619
152
753
120
766
767
766
768
320
836
261
784
784
771
785
640
905
641
777
897
773
801
547
769
137
770
794
522
266
263
266
259
515
771
323
517
916
806
772
788
768
916
776
374
773
913
901
772
13
265
640
310
903
807
782
775
944
260
896
641
778
512
10
776
792
545
897
457
345
546
774
771
771
768
338
522
778
712
797
783
269
841
909
380
148
300
846
970
527
783
336
832
784
848
656
624
784
804
528
576
848
880
785
257
817
689
912
768
532
886
602
276
342
978
792
26
851
276
788
853
372
540
776
688
788
853
821
791
804
850
978
286
296
794
592
826
924
848
409
957
537
785
265
521
853
798
922
799
856
793
573
790
534
312
175
805
544
564
818
801
881
800
544
800
804
801
801
293
515
665
265
929
177
113
928
515
22
674
768
801
50
866
417
672
676
868
293
36
788
808
552
15
947
617
297
810
674
745
769
875
649
811
907
552
40
804
806
302
813
813
798
942
810
559
903
427
48
944
944
800
818
544
404
817
372
825
801
305
819
530
848
809
790
534
825
565
804
824
567
787
821
593
38
439
572
410
786
554
312
894
443
826
283
795
816
321
581
320
834
576
832
332
576
784
946
981
531
832
769
770
322
834
966
842
709
832
835
328
769
837
581
833
579
713
885
838
961
844
996
68
804
512
327
836
322
781
868
356
487
848
518
774
322
832
75
776
522
264
873
707
841
876
328
578
588
461
325
590
782
587
783
367
78
580
20
280
336
784
850
562
888
336
322
583
71
470
861
536
860
336
603
794
792
266
853
888
888
573
213
605
350
535
607
861
1019
459
610
832
770
356
864
832
867
877
802
704
866
625
869
297
868
868
614
359
616
608
584
874
872
873
618
776
745
237
633
1011
858
366
878
834
867
228
876
846
604
112
874
612
870
690
1007
609
881
310
368
631
864
913
766
857
858
882
56
879
633
635
867
640
935
136
768
523
641
517
901
642
546
708
386
2
19
896
771
299
643
581
908
769
896
388
292
900
832
772
644
902
910
911
934
967
896
392
416
896
780
781
795
681
985
814
952
907
898
491
643
806
276
940
905
909
782
654
265
952
896
992
528
129
388
401
929
913
770
386
898
915
984
918
919
949
965
918
950
903
662
760
920
26
25
696
664
275
906
915
795
908
152
768
153
798
478
694
780
388
864
928
704
697
944
900
976
940
289
675
683
420
920
932
948
421
933
950
694
910
916
928
683
649
913
539
930
1022
431
684
1004
1017
188
689
977
681
947
418
896
480
945
933
160
915
820
896
830
697
824
138
683
433
922
665
828
956
413
958
685
968
984
904
448
192
968
449
848
962
451
970
962
132
967
882
979
961
838
325
965
453
454
994
655
998
454
711
967
971
968
968
449
967
714
906
721
1020
840
877
591
1003
589
970
976
597
658
468
899
982
983
274
597
981
594
984
136
1010
665
973
970
596
718
350
864
960
833
736
992
961
993
675
964
560
900
997
501
419
231
743
1004
348
898
762
745
936
464
560
611
997
610
919
498
499
882
251
1002
827
250
875
801
1001
733
6
6
3
3
1
10
9
1
7
9
9
10
7
1
6
9
8
3
10
5
8
2
2
2
1
2
1
7
4
7
6
7
4
6
7
8
1
4
5
10
7
3
9
2
10
7
6
9
4
1
7
4
3
9
5
7
4
5
10
3
4
10
1
5
5
9
5
3
10
9
8
5
9
3
8
7
7
2
4
8
9
2
9
8
7
6
3
5
1
1
4
2
9
5
3
7
5
6
9
1
3
3
2
9
10
8
5
9
10
4
5
6
2
8
1
2
4
8
5
4
9
3
10
4
9
2
3
8
3
9
7
9
9
4
4
8
8
2
1
10
6
1
8
10
10
2
10
8
3
6
1
6
5
1
10
2
6
2
5
4
5
1
7
5
1
2
9
2
4
8
9
8
5
5
4
8
9
10
1
5
10
2
1
8
1
4
1
1
6
4
3
5
2
5
2
9
7
1
3
1
8
6
7
4
9
9
8
2
7
5
9
4
4
10
9
4
1
8
5
9
10
10
1
5
10
5
4
10
8
5
4
8
8
2
10
9
7
2
7
1
5
4
10
2
8
2
7
9
10
5
6
3
2
10
10
7
2
3
2
6
3
1
10
1
5
9
3
9
9
4
5
6
5
4
9
9
2
7
2
7
5
9
8
7
8
2
9
2
9
5
2
9
9
8
4
5
4
10
3
7
4
1
2
2
4
7
8
8
5
9
1
10
7
4
9
7
1
5
1
5
1
10
1
4
8
1
3
8
7
1
10
9
10
5
10
10
6
8
10
10
7
8
5
9
9
3
1
5
1
5
1
1
7
2
1
9
8
3
4
8
5
3
9
7
4
10
8
3
1
7
6
6
3
10
4
9
5
2
5
9
2
5
4
7
8
10
9
9
8
4
10
7
1
3
3
7
8
2
2
8
3
5
1
6
4
9
10
9
1
4
10
1
8
10
4
1
6
8
9
5
1
10
10
3
8
5
4
1
4
1
6
5
6
7
8
6
10
10
6
3
2
5
10
10
6
4
10
8
10
8
9
5
1
6
2
9
6
7
1
9
10
9
1
10
9
10
6
8
10
8
1
1
10
6
10
4
5
4
6
9
2
5
9
9
9
1
4
1
8
6
7
10
10
7
7
8
5
9
2
6
3
9
5
9
8
7
10
6
10
5
9
9
4
6
5
1
6
3
1
3
3
4
1
3
10
10
3
8
7
5
4
4
8
8
6
3
2
9
4
2
8
9
1
9
8
4
3
10
7
4
5
8
7
8
5
4
10
2
4
3
4
3
5
1
9
9
1
2
1
9
1
6
3
10
10
6
3
10
4
8
9
1
7
3
4
7
3
6
2
2
10
9
7
6
1
9
4
6
3
4
1
10
7
10
5
8
2
2
2
6
8
5
10
6
1
1
5
9
4
10
10
2
1
3
4
10
9
1
7
7
7
10
5
4
6
4
9
9
10
10
1
6
8
1
3
4
9
1
7
6
8
4
8
9
1
10
2
1
9
6
1
6
6
3
10
8
4
10
9
10
3
2
8
6
8
7
6
4
8
3
5
2
10
7
1
7
2
10
3
9
7
1
5
7
1
8
1
8
6
9
4
3
3
7
3
1
7
4
9
8
2
2
3
9
5
1
6
6
6
5
5
4
3
8
3
7
5
4
1
2
8
3
9
5
2
10
7
3
4
2
4
8
9
10
9
4
4
2
6
8
4
3
6
1
5
7
6
7
4
3
6
4
4
9
1
7
1
2
3
9
5
5
10
4
8
1
5
8
6
1
2
1
2
5
8
3
5
3
4
8
4
2
10
6
9
3
10
5
4
10
7
5
4
9
4
2
6
6
2
4
1
7
8
8
1
7
1
5
4
6
7
5
10
6
1
7
5
10
2
1
10
8
8
9
6
4
1
2
2
3
5
1
3
9
8
6
1
6
1
6
2
2
5
6
1
6
3
5
9
9
2
6
3
2
4
6
2
6
9
1
6
9
6
8
5
1
1
10
1
7
5
4
10
8
6
10
6
8
9
5
5
5
3
1
10
9
7
10
4
4
3
7
7
4
7
5
7
8
8
6
5
1
5
1
8
6
6
2
1
2
3
5
9
5
10
1
4
2
5
8
6
5
9
7
3
7
9
3
10
5
7
10
4
5
9
3
10
2
2
6
9
6
7
6
2
7
2
4
5
6
1
3
2
5
3
2
9
6
8
8
1
9
8
6
9
1
2
4
10
6
2
2
3
5
3
5
3
5
4
8
8
8
8
7
2
4
1
2
5
3
1
6
8
3
3
10
8
7
9
6
4
2
2
6
10
2
7
6
9
1
3
8
5
5
4
5
5
10
4
6
1
4
9
8
8
7
7
4
2
9
9
4
8
4
2
6
10
6
3
9
2
7
4
8
3
1
5
7
8
8
7
8
7
10
3
9
6
8
2
4
10
4
5
4
6
7
7
9
2
1
7
7
10
3
2
1
1
10
9
7
7
1
6
5
3
1
5
8
6
1
10
8
7
8
1
8
3
5
1
9
9
5
2
7
10
2
8
10
5
5
8
9
10
5
3
9
3
2
7
10
4
10
6
7
4
4
10
8
2
6
9
7
1
3
1
3
7
5
4
4
4
8
7
8
6
5
7
1
1
5
10
1
4
8
6
3
4
8
2
8
9
2
9
5
1
9
2
3
2
9
8
2
6
10
9
1
3
9
5
4
9
5
10
6
3
4
8
1
5
2
1
5
8
3
9
5
5
9
10
8
3
10
5
10
7
4
3
5
1
2
10
3
8
5
8
8
9
4
2
7
7
8
5
3
8
4
10
7
5
6
4
4
1
6
4
8
4
2
8
9
8
3
9
1
8
1
9
3
2
9
4
3
10
3
6
8
8
4
1
8
1
9
6
7
7
4
1
1
2
9
1
1
6
9
2
4
5
7
8
4
1
9
8
3
10
7
4
1
4
6
10
2
1
9
4
10
3
1
6
7
7
1
4
5
6
1
6
9
10
3
10
7
1
9
7
7
7
9
4
4
4
2
4
4
10
6
1
3
4
10
2
10
9
8
2
1
9
9
7
10
4
2
10
2
6
10
1
2
7
3
10
4
5
9
4
10
10
6
3
8
6
5
8
2
3
8
2
1
1
5
9
1
10
9
5
1
5
7
7
4
3
10
8
2
8
8
10
2
6
3
10
2
6
10
7
7
3
3
3
7
7
8
6
2
10
10
1
3
3
5
3
9
1
2
6
8
2
4
10
6
10
4
6
8
3
4
7
2
5
10
8
9
9
7
10
10
8
10
7
1
6
7
1
10
2
5
1
10
2
8
5
5
8
10
4
6
7
4
10
4
4
5
8
8
6
9
9
2
10
7
1
2
5
1
8
1
9
3
10
4
8
4
9
8
10
6
2
8
8
4
1
7
9
3
8
8
9
9
9
4
2
8
1
6
4
5
6
4
6
9
7
8
8
4
3
7
4
5
6
6
3
3
4
9
7
5
5
6
9
10
7
4
1
10
4
10
6
9
2
6
6
5
3
6
8
4
1
1
4
6
10
4
3
1
2
10
6
7
6
2
9
4
7
8
2
4
7
8
5
3
6
6
4
10
10
10
3
1
3
7
2
5
7
9
2
1
3
5
1
3
4
5
10
5
10
4
5
7
5
5
7
10
4
3
2
9
2
10
5
8
6
4
1
8
3
5
6
6
3
5
10
2
6
7
4
8
2
8
10
1
9
7
7
5
8
2
10
8
8
6
9
5
9
1
8
6
9
10
7
8
1
9
7
5
8
10
9
1
6
1
2
1
5
9
7
9
4
6
10
8
4
1
5
7
7
7
7
4
7
3
7
7
5
5
2
3
10
3
1
9
2
10
7
1
1
8
3
1
1
6
10
4
6
6
3
2
7
3
3
8
4
1
4
4
3
10
8
1
1
5
10
10
5
9
5
9
7
10
2
10
4
7
4
9
4
2
8
4
1
5
2
7
3
2
2
5
2
6
4
3
6
7
4
2
7
5
3
7
5
10
5
5
4
9
10
3
8
2
3
6
9
2
1
6
7
9
5
2
4
10
2
4
7
7
6
2
1
7
2
7
8
8
7
7
2
6
4
4
6
8
3
1
9
6
5
10
3
7
10
5
2
4
10
8
4
2
10
10
9
3
3
3
1
1
10
6
9
1
1
2
1
9
5
7
5
2
5
5
8
1
2
2
5
9
4
3
10
3
4
5
7
6
6
5
5
6
10
8
7
5
3
4
2
9
9
1
2
2
6
7
6
2
6
6
5
5
7
7
8
8
3
5
10
4
10
6
1
2
4
6
7
4
9
4
7
1
3
7
8
1
5
10
3
2
1
9
1
2
9
8
2
7
9
5
3
9
2
8
1
2
6
2
5
8
3
4
3
1
1
5
1
5
5
2
10
2
10
4
6
7
1
7
9
5
3
5
3
10
6
3
6
8
6
8
2
2
7
10
5
3
2
9
3
1
2
3
10
5
2
4
1
2
3
1
1
2
1
5
9
5
2
2
10
10
2
8
1
8
3
5
9
9
4
10
7
1
2
1
2
6
3
4
1
10
9
7
5
4
7
8
6
9
10
8
6
4
4
4
4
10
2
2
5
7
7
2
7
7
5
5
8
5
4
2
4
1
10
5
9
1
7
1
7
9
10
2
2
10
6
8
4
2
6
8
7
1
3
5
10
4
3
3
8
5
4
8
1
4
5
8
9
7
1
1
5
9
2
8
2
10
7
7
7
1
8
1
2
7
9
2
6
6
10
10
8
9
9
1
3
1
9
9
7
6
1
8
1
6
8
3
7
10
3
9
7
7
5
9
10
9
6
6
6
8
2
2
7
2
5
1
7
1
7
6
4
6
6
2
10
10
7
5
7
7
3
7
5
7
1
5
8
7
10
5
10
6
7
10
9
6
5
3
4
8
8
7
10
7
1
2
6
8
10
6
3
9
9
6
7
3
9
7
10
1
7
7
6
8
5
5
10
3
7
5
9
2
7
1
8
2
9
8
6
8
10
9
7
8
10
8
7
8
3
1
8
10
1
2
8
7
3
10
1
1
10
9
9
9
10
9
10
8
5
5
2
4
10
2
8
5
8
4
10
3
1
6
4
8
9
3
10
7
7
10
7
10
4
9
5
10
4
1
1
5
7
1
4
8
4
6
4
10
7
10
7
8
3
9
4
5
1
4
4
7
9
4
7
2
8
6
6
2
7
5
4
2
8
9
10
3
10
4
3
7
8
6
1
2
5
7
6
6
5
10
2
9
1
1
7
10
10
3
2
4
10
7
8
10
1
1
7
3
9
4
5
3
8
2
8
2
2
2
5
1
5
6
4
2
7
9
1
8
3
1
1
10
10
4
5
1
4
2
3
2
7
9
5
8
8
3
8
6
2
10
9
1
4
2
8
4
1
7
4
10
1
9
1
1
8
6
5
5
10
3
7
3
7
5
2
10
2
6
6
6
10
3
8
4
7
8
8
10
5
5
1
2
5
2
2
3
4
9
7
9
5
7
8
2
3
9
5
7
2
7
4
2
6
6
9
4
2
9
8
6
9
1
1
9
5
1
6
4
4
5
4
1
2
10
10
4
9
5
3
2
8
8
8
7
6
2
8
4
6
1
6
5
2
3
3
3
6
1
3
10
4
4
7
2
1
2
8
4
3
3
1
5
1
10
5
5
6
8
10
2
10
9
8
10
10
8
10
9
8
9
5
2
7
2
5
10
2
8
4
9
9
2
2
5
10
6
4
7
10
2
2
10
1
7
10
7
5
2
4
8
9
3
1
1
2
2
6
7
1
1
10
6
9
3
9
3
2
10
7
5
6
6
6
6
4
3
4
9
7
1
8
8
9
10
8
8
2
10
1
4
6
1
4
4
9
1
8
9
10
5
1
9
4
9
3
3
4
2
6
5
9
4
8
6
10
1
8
6
5
3
1
7
3
6
7
3
3
6
4
6
2
7
3
10
3
7
7
1
4
5
1
8
6
6
2
6
7
10
4
2
9
7
3
5
4
6
7
8
4
10
8
2
3
1
3
1
6
10
3
3
8
4
10
3
4
5
2
2
10
1
10
7
3
3
6
4
5
10
8
6
5
2
8
2
7
7
1
9
9
8
1
9
8
2
1
8
7
7
4
10
9
5
6
8
9
9
9
10
4
6
1
10
9
10
8
8
1
5
5
6
9
2
7
1
4
8
1
10
4
5
4
5
1
2
7
10
1
6
2
2
4
9
8
7
5
1
5
7
9
9
7
7
6
2
7
6
2
4
8
4
2
9
4
9
5
4
7
2
8
9
6
6
2
9
10
9
9
9
1
1
10
9
2
5
8
4
7
1
5
8
8
8
6
10
3
6
9
3
9
6
10
3
5
1
10
8
3
3
5
9
8
1
1
3
4
3
1
5
9
5
10
6
10
8
2
3
8
1
3
4
1
2
3
10
5
2
8
6
3
8
4
3
9
1
5
10
2
3
8
8
6
3
8
4
7
7
6
9
6
1
8
8
9
6
8
4
8
4
1
7
10
1
8
8
8
6
9
7
10
4
8
6
8
4
8
10
3
1
2
3
2
2
10
7
1
1
9
2
6
2
3
1
10
4
8
7
3
10
7
7
4
7
4
5
1
3
1
3
3
6
7
2
2
5
1
8
9
7
9
4
1
2
1
5
4
10
10
9
9
6
3
1
2
9
2
10
3
7
1
4
7
10
5
5
4
9
6
9
5
5
10
10
6
2
1
3
6
3
1
7
9
4
6
7
2
2
3
4
7
5
6
2
1
6
5
5
7
6
3
2
4
3
5
2
8
5
1
7
7
5
8
9
2
8
3
1
6
2
6
4
4
5
3
8
1
4
9
7
3
6
7
2
10
9
9
4
9
8
1
9
7
3
8
6
6
8
8
6
5
4
2
3
1
7
4
2
6
9
4
3
3
7
5
3
8
4
2
9
5
4
1
1
1
3
1
5
8
5
4
7
10
8
6
1
10
6
2
8
3
3
3
5
5
4
7
6
4
3
3
4
6
1
9
1
10
7
5
8
2
8
8
7
2
3
7
6
7
3
1
1
9
7
9
3
7
8
9
1
3
3
5
7
1
1
4
8
4
2
9
2
1
9
4
4
8
4
3
3
1
5
9
9
5
7
3
4
7
10
1
9
7
6
3
5
7
3
10
1
4
4
2
10
7
6
10
5
4
4
8
10
1
10
9
9
4
8
10
5
4
1
2
3
8
9
8
1
8
7
6
2
8
10
6
6
5
4
4
5
10
4
8
10
3
1
5
1
2
3
10
3
10
8
3
5
1
2
8
5
8
1
2
4
9
8
7
6
4
10
2
4
9
8
9
10
5
3
10
9
7
5
8
3
8
8
7
2
5
2
10
3
4
10
7
1
10
3
4
10
1
1
1
2
6
2
5
6
4
7
2
5
1
3
8
5
9
4
4
9
9
7
6
3
8
6
7
7
2
3
10
2
5
1
3
5
3
7
8
9
5
3
2
10
2
6
3
8
2
6
8
10
1
1
1
5
1
2
8
5
6
2
4
10
5
7
5
4
5
7
1
7
4
7
5
9
10
10
2
7
6
4
2
6
3
8
7
10
1
8
1
7
8
5
6
8
5
4
4
10
10
4
3
6
6
9
7
7
3
10
4
2
1
9
10
10
7
4
4
8
3
9
3
5
5
9
9
1
2
9
4
4
2
8
7
7
4
6
7
8
7
7
8
6
3
7
9
10
10
10
10
9
9
7
3
10
9
1
3
5
4
4
8
7
5
9
1
7
6
1
10
4
10
2
1
5
3
6
9
6
9
6
5
10
2
7
4
9
8
3
7
1
6
6
8
8
7
2
5
9
8
9
9
5
4
10
8
7
10
5
4
4
6
7
10
9
3
3
7
9
7
7
1
9
8
7
7
10
4
7
6
1
8
6
9
7
5
6
4
4
7
8
1
1
2
5
5
8
4
3
6
1
6
10
1
9
5
3
7
6
9
1
9
5
6
10
7
9
7
2
9
6
5
8
7
4
8
8
1
10
8
9
1
1
2
10
5
5
6
9
7
9
2
10
2
10
5
8
7
5
5
9
2
2
8
3
10
7
9
7
3
6
4
6
5
5
3
6
3
3
3
1
1
5
9
5
2
7
6
10
8
5
2
1
8
2
5
9
9
4
5
5
9
10
10
3
7
1
6
6
5
5
7
5
4
10
3
3
8
5
4
1
4
1
10
6
3
1
7
3
6
8
7
3
7
9
9
1
2
6
8
4
10
10
10
2
8
2
9
5
6
2
4
10
2
2
10
4
5
5
5
9
4
8
2
7
1
3
9
4
9
6
4
8
10
8
8
6
7
1
4
2
9
5
2
8
2
1
7
5
3
1
6
10
9
8
2
1
6
3
8
9
8
4
9
2
4
6
10
8
7
3
7
9
6
3
6
6
2
7
10
10
1
6
6
7
10
6
7
7
9
9
7
6
6
8
10
10
6
9
4
2
10
8
1
10
8
3
6
5
1
2
7
7
9
7
9
6
3
5
8
5
9
7
7
7
9
5
10
8
8
9
7
10
1
2
2
10
8
9
5
7
3
6
4
3
3
9
10
4
4
9
6
3
5
5
7
9
4
1
4
4
8
10
3
4
7
2
2
2
7
2
3
7
8
5
9
3
7
1
2
10
4
10
7
5
7
10
2
1
3
8
6
4
8
2
6
8
2
2
10
6
4
9
6
3
1
2
5
7
7
7
2
4
10
2
1
1
9
1
5
6
1
2
10
7
8
2
2
3
6
10
2
6
5
1
6
7
1
3
7
4
5
6
9
8
5
7
2
7
4
8
2
4
4
10
4
1
2
9
1
10
8
6
1
4
6
5
4
4
10
3
10
8
10
1
5
8
5
1
2
2
10
7
9
6
6
10
1
7
7
4
1
10
3
5
7
3
1
4
8
5
9
3
7
10
10
5
9
8
5
3
8
8
6
8
10
10
1
2
8
2
7
10
3
5
5
10
7
8
3
7
8
1
3
5
7
10
4
6
3
8
2
7
4
6
9
5
